#hgeo.par					
GID	RG1_max	RG2_max	RG1_k	RG2_k	RG1_active
1	0	0	0	0	0
-9999	-9999	-9999	-9999	-9999	1
n/a	mm	mm	d	d	n/a
1	90	2200	8	130	1
2	90	2200	8	130	1
3	90	2200	8	180	1
4	90	2200	8	460	1
5	90	2200	8	200	1
6	90	2200	8	400	1
7	90	2200	8	400	1
8	90	2200	8	800	1
9	90	2200	8	800	1
10	90	2200	8	800	1
11	90	2200	8	380	1
12	90	2200	8	130	1
13	90	2200	8	120	1
14	90	2200	8	180	1
15	90	2200	8	200	1
16	90	2200	8	400	1
17	90	2200	8	400	1
18	90	2200	8	800	1
19	90	2200	8	800	1
#end of hydrogeo.par