#reach.par - Laewitz					
ID	length	to-reach	slope	rough	width
0	0	0	0	0	0
99999999	99999999	99999999	90	9999	99999999
n/a	m	n/a	%	n/a	m
1	270.71068	3	0.060	30	0.616267827
2	170.71068	3	0.044	30	0.697668195
3	312.13203	4	0.042	30	0.710771949
4	606.06602	6	0.002	30	2.402248868
9	110.35534	5	0.049	30	0.668269382
5	626.77670	4	0.029	30	0.824272473
11	35.35534	5	0.022	30	0.920578703
7	156.06602	0	0.032	30	0.792446596
6	462.13203	7	0.010	30	1.261914689
12	110.35534	11	0.046	30	0.685372797
10	1693.19805	11	0.036	30	0.755977718
13	322.48737	7	0.016	30	1.045639553
14	35.35534	13	0.001	30	3.169786385
8	811.39610	6	0.037	30	0.747737749
15	337.13203	14	0.001	30	3.169786385
17	256.06602	22	0.017	30	1.020587928
18	160.35534	22	0.004	30	1.820564203
20	120.71068	15	0.001	30	3.169786385
19	437.13203	24	0.023	30	0.904354828
22	131.06602	25	0.004	30	1.820564203
24	60.35534	25	0.001	30	3.169786385
26	181.06602	23	0.046	30	0.685372797
23	643.19805	24	0.021	30	0.937869209
28	345.71068	29	0.027	30	0.848173091
25	326.77670	29	0.023	30	0.904354828
27	437.13203	23	0.035	30	0.764544517
21	693.19805	15	0.001	30	3.169786385
30	276.77670	33	0.087	30	0.531156248
33	956.06602	21	0.003	30	2.042591375
29	356.06602	37	0.022	30	0.920578703
32	270.71068	39	0.066	30	0.593215406
31	468.19805	39	0.056	30	0.633511911
38	1828.55339	13	0.028	30	0.835923978
16	1195.71068	14	0.001	30	3.169786385
35	638.90873	33	0.013	30	1.136194427
39	181.06602	35	0.069	30	0.582760838
36	974.26407	37	0.031	30	0.802574428
43	141.42136	35	0.012	30	1.173160676
40	362.13203	44	0.048	30	0.67380387
44	256.06602	43	0.014	30	1.103008302
41	472.48737	16	0.044	30	0.697668195
42	275.00000	16	0.001	30	3.169786385
34	1151.04076	21	0.044	30	0.697668195
47	437.13203	44	0.012	30	1.173160676
48	95.71068	47	0.131	30	0.450942821
45	345.71068	43	0.081	30	0.546557664
50	297.48737	42	0.001	30	3.169786385
49	310.35534	42	0.001	30	3.169786385
52	100.00000	49	0.001	30	3.169786385
53	70.71068	49	0.001	30	3.169786385
46	663.90873	56	0.023	30	0.904354828
54	435.35534	56	0.024	30	0.889089536
51	443.19805	47	0.017	30	1.020587928
59	35.35534	51	0.012	30	1.173160676
55	370.71068	53	0.001	30	3.169786385
37	1084.61941	64	0.018	30	0.99751858
64	85.35534	57	0.001	30	3.169786385
57	476.77670	51	0.014	30	1.103008302
62	135.35534	55	0.001	30	3.169786385
63	245.71068	64	0.005	30	1.665106415
70	778.55339	59	0.044	30	0.697668195
68	120.71068	62	0.001	30	3.169786385
69	141.42136	63	0.011	30	1.21471088
71	441.42136	61	0.066	30	0.593215406
61	495.71068	55	0.037	30	0.747737749
65	226.77670	63	0.012	30	1.173160676
56	1084.61941	75	0.040	30	0.724779664
75	120.71068	69	0.013	30	1.136194427
66	270.71068	57	0.026	30	0.861074358
72	201.77670	61	0.070	30	0.579416395
79	35.35534	66	0.035	30	0.764544517
78	60.35534	66	0.038	30	0.739803799
74	251.77670	68	0.001	30	3.169786385
58	713.90873	53	0.074	30	0.566679247
67	400.00000	62	0.001	30	3.169786385
60	672.48737	59	0.039	30	0.732156889
77	844.97475	75	0.021	30	0.937869209
80	326.77670	77	0.052	30	0.652572335
85	95.71068	60	0.037	30	0.747737749
81	426.77670	67	0.078	30	0.554871163
84	75.00000	60	0.040	30	0.724779664
76	481.06602	69	0.034	30	0.773461015
86	166.42136	77	0.025	30	0.874689659
87	70.71068	76	0.040	30	0.724779664
89	60.35534	86	0.030	30	0.813170273
83	1059.61941	89	0.035	30	0.764544517
90	50.00000	86	0.055	30	0.63809438
91	70.71068	89	0.028	30	0.835923978
73	781.06602	68	0.027	30	0.848173091
88	235.35534	76	0.041	30	0.717656219
82	534.61941	67	0.001	30	3.169786385
93	166.42136	91	0.032	30	0.792446596
94	888.90873	96	0.067	30	0.589657836
96	316.42136	82	0.024	30	0.889089536
97	212.13203	96	0.118	30	0.470194119
92	1026.04076	91	0.033	30	0.782752421
100	25.00000	98	0.055	30	0.63809438
99	195.71068	98	0.078	30	0.554871163
98	618.19805	101	0.052	30	0.652572335
95	813.90873	82	0.003	30	2.042591375
101	270.71068	95	0.071	30	0.57613818
103	50.00000	95	0.008	30	1.379729661
105	120.71068	108	0.025	30	0.874689659
104	216.42136	108	0.018	30	0.99751858
107	141.42136	103	0.093	30	0.517174158
106	262.13203	103	0.004	30	1.820564203
110	25.00000	106	0.005	30	1.665106415
114	25.00000	118	0.001	30	3.169786385
102	559.61941	101	0.068	30	0.586173837
117	50.00000	115	0.031	30	0.802574428
116	245.71068	118	0.055	30	0.63809438
118	478.55339	109	0.001	30	3.169786385
109	572.48737	110	0.057	30	0.629042594
119	426.77670	115	0.016	30	1.045639553
121	60.35534	109	0.001	30	3.169786385
111	266.42136	110	0.093	30	0.517174158
115	672.48737	120	0.023	30	0.904354828
123	100.00000	120	0.001	30	3.169786385
122	120.71068	121	0.001	30	3.169786385
108	518.19805	125	0.027	30	0.848173091
120	657.84271	125	0.020	30	0.9563525
112	582.84271	106	0.086	30	0.533618177
124	351.77670	121	0.001	30	3.169786385
125	372.48737	132	0.023	30	0.904354828
133	160.35534	132	0.066	30	0.593215406
113	790.68542	134	0.037	30	0.747737749
129	181.06602	134	0.035	30	0.764544517
130	312.13203	124	0.001	30	3.169786385
138	50.00000	130	0.001	30	3.169786385
137	156.06602	130	0.001	30	3.169786385
140	35.35534	138	0.001	30	3.169786385
139	1773.52814	137	0.020	30	0.9563525
131	509.61941	124	0.001	30	3.169786385
126	520.71068	143	0.047	30	0.679502177
136	307.84271	143	0.035	30	0.764544517
128	512.13203	144	0.062	30	0.608237678
132	763.90873	144	0.019	30	0.976176965
142	201.77670	137	0.001	30	3.169786385
147	70.71068	150	0.091	30	0.521691113
135	628.55339	150	0.044	30	0.697668195
146	100.00000	162	0.001	30	3.169786385
134	497.48737	162	0.019	30	0.976176965
148	632.84271	131	0.045	30	0.69142486
151	241.42136	142	0.001	30	3.169786385
153	210.35534	151	0.001	30	3.169786385
143	287.13203	157	0.021	30	0.937869209
127	865.68542	158	0.039	30	0.732156889
157	150.00000	158	0.013	30	1.136194427
154	270.71068	153	0.001	30	3.169786385
156	545.71068	157	0.019	30	0.976176965
162	537.13203	154	0.001	30	3.169786385
161	562.13203	156	0.018	30	0.99751858
160	166.42136	161	0.037	30	0.747737749
144	447.48737	178	0.007	30	1.455428181
166	335.35534	178	0.029	30	0.824272473
163	649.26407	154	0.001	30	3.169786385
158	443.19805	168	0.017	30	1.020587928
149	532.84271	172	0.063	30	0.604357305
168	331.06602	171	0.014	30	1.103008302
171	410.35534	172	0.013	30	1.136194427
145	616.42136	131	0.001	30	3.169786385
167	191.42136	168	0.029	30	0.824272473
170	506.06602	167	0.020	30	0.9563525
150	537.13203	174	0.040	30	0.724779664
172	520.71068	174	0.013	30	1.136194427
155	594.97475	151	0.001	30	3.169786385
159	651.04076	153	0.001	30	3.169786385
164	557.84271	156	0.028	30	0.835923978
179	256.06602	159	0.001	30	3.169786385
173	407.84271	171	0.041	30	0.717656219
175	262.13203	190	0.051	30	0.657660753
174	707.84271	190	0.008	30	1.379729661
181	120.71068	179	0.001	30	3.169786385
169	1232.10678	145	0.046	30	0.685372797
178	1442.46212	159	0.001	30	3.169786385
183	60.35534	181	0.001	30	3.169786385
182	106.06602	181	0.001	30	3.169786385
184	50.00000	165	0.065	30	0.596849251
165	1188.17280	161	0.028	30	0.835923978
176	462.13203	145	0.051	30	0.657660753
185	200.00000	176	0.073	30	0.56977167
188	35.35534	176	0.052	30	0.652572335
186	191.42136	165	0.038	30	0.739803799
180	876.04076	179	0.001	30	3.169786385
190	765.68542	189	0.001	30	3.169786385
189	618.19805	180	0.001	30	3.169786385
191	276.77670	180	0.001	30	3.169786385
192	191.42136	189	0.001	30	3.169786385
152	1706.37085	142	0.005	30	1.665106415
187	416.42136	176	0.038	30	0.739803799
200	35.35534	187	0.047	30	0.679502177
194	337.13203	192	0.001	30	3.169786385
201	331.06602	194	0.001	30	3.169786385
199	75.00000	187	0.074	30	0.566679247
177	1891.72619	167	0.029	30	0.824272473
197	212.13203	152	0.020	30	0.9563525
202	312.13203	194	0.001	30	3.169786385
195	300.00000	192	0.074	30	0.566679247
208	60.35534	211	0.030	30	0.813170273
209	160.35534	211	0.055	30	0.63809438
193	401.77670	207	0.062	30	0.608237678
207	1037.13203	202	0.002	30	2.402248868
211	241.42136	212	0.045	30	0.69142486
212	587.13203	207	0.024	30	0.889089536
204	934.61941	197	0.032	30	0.792446596
196	576.77670	215	0.041	30	0.717656219
213	135.35534	215	0.051	30	0.657660753
203	466.42136	219	0.043	30	0.704113406
214	322.48737	212	0.030	30	0.813170273
205	603.55339	218	0.046	30	0.685372797
218	441.42136	219	0.021	30	0.937869209
221	206.06602	214	0.038	30	0.739803799
206	669.97475	197	0.028	30	0.835923978
215	220.71068	227	0.044	30	0.697668195
224	50.00000	228	0.050	30	0.662890803
220	145.71068	228	0.034	30	0.773461015
227	35.35534	245	0.010	30	1.261914689
232	25.00000	245	0.009	30	1.316233657
222	557.84271	221	0.020	30	0.9563525
210	784.61941	202	0.001	30	3.169786385
231	70.71068	206	0.068	30	0.586173837
219	472.48737	226	0.022	30	0.920578703
226	345.71068	227	0.018	30	0.99751858
234	557.84271	222	0.043	30	0.704113406
237	25.00000	231	0.100	30	0.502377286
229	166.42136	221	0.026	30	0.861074358
236	50.00000	210	0.001	30	3.169786385
225	618.19805	218	0.027	30	0.848173091
240	316.42136	236	0.011	30	1.21471088
241	160.35534	236	0.001	30	3.169786385
238	272.48737	231	0.068	30	0.586173837
217	435.35534	246	0.053	30	0.647619099
245	713.90873	246	0.015	30	1.072984608
216	663.90873	247	0.038	30	0.739803799
246	85.35534	247	0.016	30	1.045639553
235	524.26407	222	0.026	30	0.861074358
249	131.06602	243	0.110	30	0.483585112
243	451.77670	241	0.011	30	1.21471088
230	549.26407	206	0.038	30	0.739803799
242	1542.46212	210	0.030	30	0.813170273
198	1365.68542	152	0.053	30	0.647619099
244	356.06602	241	0.001	30	3.169786385
239	1257.10678	226	0.014	30	1.103008302
141	3062.43687	138	0.029	30	0.824272473
248	428.55339	251	0.031	30	0.802574428
251	581.06602	239	0.022	30	0.920578703
250	357.84271	243	0.024	30	0.889089536
255	25.00000	250	0.188	30	0.390271516
252	60.35534	244	0.001	30	3.169786385
223	1002.81746	214	0.030	30	0.813170273
253	306.06602	251	0.019	30	0.976176965
247	663.90873	262	0.014	30	1.103008302
260	824.26407	244	0.049	30	0.668269382
228	1067.46212	263	0.031	30	0.802574428
262	206.06602	263	0.015	30	1.072984608
254	659.61941	239	0.021	30	0.937869209
257	387.13203	252	0.001	30	3.169786385
265	270.71068	257	0.040	30	0.724779664
256	755.33009	250	0.054	30	0.642795003
233	1473.52814	268	0.025	30	0.874689659
264	986.39610	268	0.016	30	1.045639553
269	50.00000	261	0.005	30	1.665106415
261	1898.52814	262	0.021	30	0.937869209
263	537.13203	273	0.014	30	1.103008302
258	1044.97475	252	0.007	30	1.455428181
274	110.35534	258	0.034	30	0.773461015
259	1423.52814	274	0.033	30	0.782752421
272	576.77670	270	0.018	30	0.99751858
270	647.48737	261	0.016	30	1.045639553
266	749.26407	257	0.001	30	3.169786385
268	518.19805	281	0.023	30	0.904354828
273	543.19805	281	0.015	30	1.072984608
267	2647.79221	274	0.031	30	0.802574428
282	156.06602	266	0.002	30	2.402248868
277	382.84271	270	0.024	30	0.889089536
275	709.61941	282	0.041	30	0.717656219
271	1311.39610	273	0.026	30	0.861074358
280	347.48737	281	0.038	30	0.739803799
284	301.77670	282	0.004	30	1.820564203
283	412.13203	266	0.035	30	0.764544517
288	125.00000	283	0.058	30	0.624681721
287	170.71068	284	0.004	30	1.820564203
286	301.77670	287	0.045	30	0.69142486
281	401.77670	293	0.010	30	1.261914689
290	181.06602	283	0.092	30	0.519415451
276	728.55339	258	0.058	30	0.624681721
279	701.04076	304	0.032	30	0.792446596
293	220.71068	304	0.009	30	1.316233657
292	728.55339	295	0.034	30	0.773461015
289	387.13203	284	0.073	30	0.56977167
295	501.77670	302	0.023	30	0.904354828
278	862.13203	301	0.045	30	0.69142486
297	191.42136	301	0.053	30	0.647619099
299	95.71068	302	0.059	30	0.620424859
294	705.33009	293	0.011	30	1.21471088
302	701.77670	294	0.025	30	0.874689659
304	1024.26407	309	0.007	30	1.455428181
300	201.77670	312	0.072	30	0.572923976
309	110.35534	312	0.016	30	1.045639553
298	231.06602	314	0.048	30	0.67380387
314	135.35534	291	0.010	30	1.261914689
291	713.90873	287	0.004	30	1.820564203
310	320.71068	296	0.044	30	0.697668195
296	784.61941	295	0.027	30	0.848173091
285	1358.88348	318	0.037	30	0.747737749
303	262.13203	318	0.046	30	0.685372797
316	35.35534	319	0.018	30	0.99751858
306	145.71068	319	0.015	30	1.072984608
319	35.35534	321	0.012	30	1.173160676
322	125.00000	321	0.021	30	0.937869209
313	512.13203	314	0.007	30	1.455428181
301	351.77670	313	0.027	30	0.848173091
324	125.00000	313	0.002	30	2.402248868
308	913.90873	326	0.045	30	0.69142486
318	185.35534	326	0.035	30	0.764544517
312	418.19805	323	0.005	30	1.665106415
307	443.19805	294	0.023	30	0.904354828
323	462.13203	324	0.007	30	1.455428181
320	969.97475	296	0.026	30	0.861074358
311	801.04076	309	0.012	30	1.173160676
331	85.35534	311	0.025	30	0.874689659
305	612.13203	335	0.041	30	0.717656219
333	25.00000	335	0.017	30	1.020587928
315	840.68542	336	0.034	30	0.773461015
335	25.00000	336	0.017	30	1.020587928
330	216.42136	336	0.033	30	0.782752421
317	582.84271	291	0.009	30	1.316233657
336	120.71068	341	0.013	30	1.136194427
321	871.75144	342	0.016	30	1.045639553
327	594.97475	323	0.032	30	0.792446596
339	176.77670	317	0.005	30	1.665106415
341	70.71068	345	0.018	30	0.99751858
340	70.71068	345	0.067	30	0.589657836
342	506.06602	341	0.030	30	0.813170273
346	35.35534	327	0.047	30	0.679502177
325	638.90873	324	0.069	30	0.582760838
332	337.13203	337	0.057	30	0.629042594
337	961.39610	350	0.005	30	1.665106415
328	2489.94949	307	0.025	30	0.874689659
326	857.10678	352	0.024	30	0.889089536
352	156.06602	337	0.005	30	1.665106415
353	407.84271	339	0.006	30	1.547994793
349	170.71068	353	0.088	30	0.528733621
354	120.71068	353	0.006	30	1.547994793
350	387.13203	354	0.005	30	1.665106415
343	347.48737	342	0.046	30	0.685372797
334	501.77670	311	0.012	30	1.173160676
338	524.26407	317	0.059	30	0.620424859
357	522.48737	352	0.006	30	1.547994793
355	476.77670	334	0.041	30	0.717656219
348	507.84271	339	0.051	30	0.657660753
344	588.90873	359	0.071	30	0.57613818
359	397.48737	357	0.005	30	1.665106415
363	181.06602	348	0.062	30	0.608237678
358	337.13203	334	0.019	30	0.976176965
329	1350.30483	307	0.014	30	1.103008302
356	387.13203	354	0.059	30	0.620424859
362	262.13203	365	0.059	30	0.620424859
365	366.42136	359	0.004	30	1.820564203
345	846.75144	368	0.016	30	1.045639553
369	35.35534	329	0.012	30	1.173160676
347	657.84271	327	0.084	30	0.538664409
361	1336.39610	369	0.030	30	0.813170273
367	276.77670	365	0.007	30	1.455428181
368	576.77670	367	0.020	30	0.9563525
366	287.13203	358	0.020	30	0.9563525
360	638.90873	357	0.040	30	0.724779664
371	312.13203	368	0.066	30	0.593215406
364	376.77670	348	0.031	30	0.802574428
372	482.84271	369	0.018	30	0.99751858
380	356.06602	372	0.034	30	0.773461015
375	201.77670	366	0.015	30	1.072984608
378	351.77670	364	0.044	30	0.697668195
384	25.00000	378	0.025	30	0.874689659
374	220.71068	367	0.005	30	1.665106415
377	337.13203	375	0.042	30	0.710771949
385	195.71068	374	0.064	30	0.600562217
351	1105.33009	350	0.017	30	1.020587928
383	391.42136	380	0.036	30	0.755977718
373	1049.26407	358	0.057	30	0.629042594
387	216.42136	375	0.016	30	1.045639553
393	245.71068	387	0.032	30	0.792446596
379	316.42136	364	0.041	30	0.717656219
397	35.35534	379	0.031	30	0.802574428
381	422.48737	372	0.049	30	0.668269382
392	497.48737	351	0.078	30	0.554871163
389	316.42136	374	0.004	30	1.820564203
398	60.35534	399	0.014	30	1.103008302
400	50.00000	399	0.017	30	1.020587928
388	413.90873	378	0.069	30	0.582760838
376	516.42136	366	0.036	30	0.755977718
391	350.00000	406	0.020	30	0.9563525
402	145.71068	406	0.027	30	0.848173091
386	538.90873	380	0.034	30	0.773461015
395	463.90873	387	0.020	30	0.9563525
401	231.06602	389	0.072	30	0.572923976
370	940.68542	329	0.025	30	0.874689659
407	391.42136	395	0.042	30	0.710771949
394	476.77670	351	0.018	30	0.99751858
382	495.71068	412	0.025	30	0.874689659
390	425.00000	412	0.024	30	0.889089536
406	70.71068	412	0.036	30	0.755977718
399	474.26407	415	0.021	30	0.937869209
412	110.35534	415	0.009	30	1.316233657
411	191.42136	395	0.020	30	0.9563525
408	407.84271	394	0.015	30	1.072984608
417	420.71068	408	0.068	30	0.586173837
410	266.42136	386	0.038	30	0.739803799
404	387.13203	376	0.049	30	0.668269382
420	85.35534	422	0.049	30	0.668269382
414	110.35534	422	0.043	30	0.704113406
405	488.90873	376	0.034	30	0.773461015
415	145.71068	423	0.011	30	1.21471088
416	426.77670	423	0.030	30	0.813170273
409	403.55339	386	0.029	30	0.824272473
403	990.68542	389	0.006	30	1.547994793
425	707.84271	405	0.048	30	0.67380387
427	75.00000	425	0.043	30	0.704113406
428	312.13203	403	0.010	30	1.261914689
418	438.90873	411	0.021	30	0.937869209
396	1007.10678	379	0.053	30	0.647619099
430	237.13203	425	0.043	30	0.704113406
435	60.35534	437	0.021	30	0.937869209
426	200.00000	437	0.037	30	0.747737749
432	331.06602	418	0.031	30	0.802574428
413	690.68542	394	0.019	30	0.976176965
431	526.77670	428	0.030	30	0.813170273
419	563.90873	411	0.053	30	0.647619099
421	406.06602	408	0.037	30	0.747737749
438	156.06602	413	0.022	30	0.920578703
433	582.84271	438	0.081	30	0.546557664
439	576.77670	431	0.038	30	0.739803799
422	761.39610	447	0.022	30	0.920578703
446	170.71068	447	0.024	30	0.889089536
437	297.48737	448	0.019	30	0.976176965
447	60.35534	448	0.022	30	0.920578703
441	307.84271	431	0.038	30	0.739803799
440	316.42136	413	0.049	30	0.668269382
424	668.19805	405	0.045	30	0.69142486
429	703.55339	403	0.007	30	1.455428181
448	166.42136	451	0.013	30	1.136194427
451	50.00000	429	0.002	30	2.402248868
436	588.90873	418	0.025	30	0.874689659
423	938.17280	459	0.010	30	1.261914689
458	316.42136	424	0.040	30	0.724779664
454	120.71068	429	0.010	30	1.261914689
450	166.42136	440	0.053	30	0.647619099
452	441.42136	456	0.021	30	0.937869209
456	291.42136	436	0.015	30	1.072984608
457	216.42136	436	0.061	30	0.612206677
453	206.06602	424	0.041	30	0.717656219
443	528.55339	421	0.057	30	0.629042594
445	855.33009	461	0.025	30	0.874689659
449	287.13203	440	0.058	30	0.624681721
460	362.13203	459	0.005	30	1.665106415
461	878.55339	460	0.033	30	0.782752421
463	287.13203	456	0.023	30	0.904354828
465	110.35534	453	0.049	30	0.668269382
434	824.26407	428	0.018	30	0.99751858
444	780.33009	438	0.025	30	0.874689659
469	25.00000	444	0.018	30	0.99751858
470	70.71068	444	0.004	30	1.820564203
455	538.90873	451	0.005	30	1.665106415
459	909.61941	455	0.007	30	1.455428181
464	368.19805	453	0.019	30	0.976176965
462	644.97475	461	0.041	30	0.717656219
472	156.06602	470	0.062	30	0.608237678
471	176.77670	470	0.015	30	1.072984608
475	206.06602	476	0.064	30	0.600562217
473	251.77670	455	0.044	30	0.697668195
466	391.42136	460	0.008	30	1.379729661
474	541.42136	466	0.031	30	0.802574428
476	597.48737	477	0.031	30	0.802574428
477	326.77670	471	0.028	30	0.835923978
442	1177.81746	421	0.041	30	0.717656219
480	95.71068	473	0.038	30	0.739803799
479	287.13203	476	0.040	30	0.724779664
483	276.77670	477	0.055	30	0.63809438
481	275.00000	473	0.044	30	0.697668195
478	426.77670	471	0.034	30	0.773461015
485	276.77670	480	0.031	30	0.802574428
484	353.55339	480	0.033	30	0.782752421
482	360.35534	466	0.009	30	1.316233657
467	1169.23882	434	0.018	30	0.99751858
491	441.42136	482	0.071	30	0.57613818
489	307.84271	484	0.038	30	0.739803799
488	301.77670	478	0.052	30	0.652572335
494	135.35534	467	0.058	30	0.624681721
496	85.35534	494	0.013	30	1.136194427
495	50.00000	494	0.038	30	0.739803799
487	428.55339	478	0.032	30	0.792446596
486	736.39610	498	0.026	30	0.861074358
497	35.35534	498	0.001	30	3.169786385
492	431.06602	482	0.007	30	1.455428181
499	25.00000	492	0.028	30	0.835923978
493	840.68542	467	0.018	30	0.99751858
500	251.77670	492	0.006	30	1.547994793
504	70.71068	500	0.008	30	1.379729661
501	868.19805	493	0.025	30	0.874689659
503	526.77670	501	0.028	30	0.835923978
490	844.97475	484	0.048	30	0.67380387
498	726.04076	509	0.028	30	0.835923978
510	520.71068	509	0.050	30	0.662890803
506	332.84271	501	0.027	30	0.848173091
502	553.55339	493	0.026	30	0.861074358
505	306.06602	500	0.010	30	1.261914689
512	125.00000	505	0.064	30	0.600562217
513	247.48737	502	0.030	30	0.813170273
468	1923.52814	434	0.031	30	0.802574428
516	70.71068	517	0.033	30	0.782752421
509	403.55339	517	0.022	30	0.920578703
508	509.61941	522	0.025	30	0.874689659
521	60.35534	468	0.026	30	0.861074358
515	443.19805	505	0.009	30	1.316233657
523	270.71068	522	0.038	30	0.739803799
518	141.42136	513	0.058	30	0.624681721
519	135.35534	513	0.057	30	0.629042594
511	370.71068	526	0.049	30	0.668269382
507	485.35534	526	0.045	30	0.69142486
522	568.19805	528	0.015	30	1.072984608
526	131.06602	528	0.011	30	1.21471088
525	312.13203	515	0.004	30	1.820564203
517	724.26407	525	0.016	30	1.045639553
520	632.84271	468	0.026	30	0.861074358
531	25.00000	520	0.025	30	0.874689659
527	201.77670	524	0.038	30	0.739803799
529	110.35534	525	0.002	30	2.402248868
532	445.71068	524	0.037	30	0.747737749
530	276.77670	520	0.030	30	0.813170273
524	1601.04076	515	0.026	30	0.861074358
528	493.19805	537	0.014	30	1.103008302
536	60.35534	530	0.012	30	1.173160676
537	131.06602	539	0.009	30	1.316233657
535	135.35534	539	0.026	30	0.861074358
538	141.42136	530	0.012	30	1.173160676
514	878.55339	502	0.052	30	0.652572335
539	176.77670	541	0.010	30	1.261914689
540	206.06602	541	0.014	30	1.103008302
533	684.61941	529	0.012	30	1.173160676
534	447.48737	529	0.016	30	1.045639553
541	141.42136	546	0.011	30	1.21471088
544	60.35534	534	0.011	30	1.21471088
546	120.71068	549	0.012	30	1.173160676
549	381.06602	552	0.012	30	1.173160676
551	50.00000	552	0.016	30	1.045639553
548	971.75144	537	0.020	30	0.9563525
553	25.00000	548	0.022	30	0.920578703
554	110.35534	548	0.021	30	0.937869209
555	491.42136	542	0.045	30	0.69142486
542	1355.33009	533	0.030	30	0.813170273
552	272.48737	556	0.007	30	1.455428181
550	519.97475	549	0.026	30	0.861074358
545	1221.75144	534	0.006	30	1.547994793
556	237.13203	559	0.011	30	1.21471088
559	75.00000	545	0.012	30	1.173160676
561	120.71068	545	0.010	30	1.261914689
558	453.55339	542	0.025	30	0.874689659
564	95.71068	561	0.018	30	0.99751858
562	326.77670	558	0.038	30	0.739803799
543	913.90873	533	0.012	30	1.173160676
567	35.35534	543	0.009	30	1.316233657
557	861.39610	556	0.026	30	0.861074358
565	287.13203	558	0.037	30	0.747737749
569	35.35534	567	0.017	30	1.020587928
547	1514.94949	546	0.031	30	0.802574428
566	312.13203	567	0.021	30	0.937869209
570	60.35534	566	0.018	30	0.99751858
571	175.00000	570	0.044	30	0.697668195
573	70.71068	570	0.018	30	0.99751858
560	1107.10678	559	0.031	30	0.802574428
563	637.13203	561	0.010	30	1.261914689
575	25.00000	563	0.014	30	1.103008302
568	607.84271	543	0.033	30	0.782752421
574	297.48737	563	0.021	30	0.937869209
578	60.35534	574	0.014	30	1.103008302
572	824.26407	566	0.016	30	1.045639553
579	665.68542	574	0.017	30	1.020587928
577	693.19805	575	0.011	30	1.21471088
580	362.13203	577	0.054	30	0.642795003
576	824.26407	575	0.021	30	0.937869209
583	281.06602	588	0.038	30	0.739803799
587	220.71068	588	0.034	30	0.773461015
581	655.33009	572	0.029	30	0.824272473
589	195.71068	581	0.048	30	0.67380387
582	541.42136	572	0.054	30	0.642795003
586	562.13203	577	0.014	30	1.103008302
584	780.33009	579	0.024	30	0.889089536
593	35.35534	584	0.015	30	1.072984608
588	513.90873	598	0.027	30	0.848173091
595	25.00000	598	0.035	30	0.764544517
590	345.71068	581	0.033	30	0.782752421
599	70.71068	590	0.053	30	0.647619099
592	276.77670	586	0.010	30	1.261914689
598	166.42136	603	0.037	30	0.747737749
603	631.06602	592	0.015	30	1.072984608
605	175.00000	604	0.024	30	0.889089536
601	972.48737	604	0.017	30	1.020587928
604	181.06602	603	0.013	30	1.136194427
585	866.42136	579	0.034	30	0.773461015
596	378.55339	593	0.030	30	0.813170273
606	25.00000	596	0.023	30	0.904354828
594	325.00000	584	0.035	30	0.764544517
591	484.61941	586	0.045	30	0.69142486
597	360.35534	593	0.031	30	0.802574428
600	443.19805	590	0.032	30	0.792446596
602	420.71068	592	0.011	30	1.21471088
607	453.55339	596	0.023	30	0.904354828
609	95.71068	602	0.009	30	1.316233657
610	25.00000	609	0.011	30	1.21471088
608	474.26407	602	0.032	30	0.792446596
611	353.55339	609	0.009	30	1.316233657
613	25.00000	611	0.011	30	1.21471088
612	145.71068	611	0.008	30	1.379729661
614	50.00000	612	0.009	30	1.316233657
615	370.71068	612	0.022	30	0.920578703
618	472.48737	614	0.018	30	0.99751858
617	281.06602	614	0.017	30	1.020587928
616	335.35534	614	0.018	30	0.99751858
