ID	length	to-reach	slope	rough	width
0	0	0	0	0	0
99999999	99999999	99999999	90	9999	99999999
n/a	m	n/a	%	n/a	m
220	145.71068	228	0.034	30	0.386730508
248	428.55339	251	0.031	30	0.401287214
253	306.06602	251	0.019	30	0.488088483
251	581.06602	239	0.022	30	0.460289352
254	659.61941	239	0.021	30	0.468934605
225	618.19805	218	0.027	30	0.424086546
205	603.55339	218	0.046	30	0.342686399
203	466.42136	219	0.043	30	0.352056703
218	441.42136	219	0.021	30	0.468934605
239	1257.10678	226	0.014	30	0.551504151
219	472.48737	226	0.022	30	0.460289352
196	576.7767	215	0.041	30	0.35882811
213	135.35534	215	0.051	30	0.328830377
226	345.71068	227	0.018	30	0.49875929
215	220.71068	227	0.044	30	0.348834098
227	35.35534	245	0.01	30	0.630957345
232	25	245	0.009	30	0.658116829
245	713.90873	246	0.015	30	0.536492304
217	435.35534	246	0.053	30	0.32380955
216	663.90873	247	0.038	30	0.3699019
246	85.35534	247	0.016	30	0.522819777
272	576.7767	270	0.018	30	0.49875929
270	647.48737	261	0.016	30	0.522819777
269	50	261	0.005	30	0.832553208
247	663.90873	262	0.014	30	0.551504151
261	1898.52814	262	0.021	30	0.468934605
228	1067.46212	263	0.031	30	0.401287214
262	206.06602	263	0.015	30	0.536492304
263	537.13203	273	0.014	30	0.551504151
233	1473.52814	268	0.025	30	0.43734483
264	986.3961	268	0.016	30	0.522819777
268	518.19805	281	0.023	30	0.452177414
273	543.19805	281	0.015	30	0.536492304
282	156.06602	266	0.002	30	1.201124434
277	382.84271	270	0.024	30	0.444544768
275	709.61941	282	0.041	30	0.35882811
271	1311.3961	273	0.026	30	0.430537179
280	347.48737	281	0.038	30	0.3699019
284	301.7767	282	0.004	30	0.910282102
287	170.71068	284	0.004	30	0.910282102
286	301.7767	287	0.045	30	0.34571243
281	401.7767	293	0.01	30	0.630957345
279	701.04076	304	0.032	30	0.396223298
293	220.71068	304	0.009	30	0.658116829
292	728.55339	295	0.034	30	0.386730508
289	387.13203	284	0.073	30	0.284885835
295	501.7767	302	0.023	30	0.452177414
278	862.13203	301	0.045	30	0.34571243
297	191.42136	301	0.053	30	0.32380955
299	95.71068	302	0.059	30	0.31021243
294	705.33009	293	0.011	30	0.60735544
302	701.7767	294	0.025	30	0.43734483
304	1024.26407	309	0.007	30	0.727714091
300	201.7767	312	0.072	30	0.286461988
309	110.35534	312	0.016	30	0.522819777
298	231.06602	314	0.048	30	0.336901935
314	135.35534	291	0.01	30	0.630957345
291	713.90873	287	0.004	30	0.910282102
310	320.71068	296	0.044	30	0.348834098
296	784.61941	295	0.027	30	0.424086546
285	1358.88348	318	0.037	30	0.373868875
303	262.13203	318	0.046	30	0.342686399
316	35.35534	319	0.018	30	0.49875929
306	145.71068	319	0.015	30	0.536492304
319	35.35534	321	0.012	30	0.586580338
322	125	321	0.021	30	0.468934605
313	512.13203	314	0.007	30	0.727714091
301	351.7767	313	0.027	30	0.424086546
324	125	313	0.002	30	1.201124434
308	913.90873	326	0.045	30	0.34571243
318	185.35534	326	0.035	30	0.382272259
312	418.19805	323	0.005	30	0.832553208
307	443.19805	294	0.023	30	0.452177414
323	462.13203	324	0.007	30	0.727714091
320	969.97475	296	0.026	30	0.430537179
311	801.04076	309	0.012	30	0.586580338
331	85.35534	311	0.025	30	0.43734483
305	612.13203	335	0.041	30	0.35882811
333	25	335	0.017	30	0.510293964
315	840.68542	336	0.034	30	0.386730508
335	25	336	0.017	30	0.510293964
330	216.42136	336	0.033	30	0.391376211
317	582.84271	291	0.009	30	0.658116829
336	120.71068	341	0.013	30	0.568097214
321	871.75144	342	0.016	30	0.522819777
327	594.97475	323	0.032	30	0.396223298
339	176.7767	317	0.005	30	0.832553208
341	70.71068	345	0.018	30	0.49875929
340	70.71068	345	0.067	30	0.294828918
342	506.06602	341	0.03	30	0.406585137
346	35.35534	327	0.047	30	0.339751089
325	638.90873	324	0.069	30	0.291380419
332	337.13203	337	0.057	30	0.314521297
337	961.3961	350	0.005	30	0.832553208
328	2489.94949	307	0.025	30	0.43734483
326	857.10678	352	0.024	30	0.444544768
352	156.06602	337	0.005	30	0.832553208
353	407.84271	339	0.006	30	0.773997397
349	170.71068	353	0.088	30	0.264366811
354	120.71068	353	0.006	30	0.773997397
350	387.13203	354	0.005	30	0.832553208
343	347.48737	342	0.046	30	0.342686399
334	501.7767	311	0.012	30	0.586580338
338	524.26407	317	0.059	30	0.31021243
357	522.48737	352	0.006	30	0.773997397
355	476.7767	334	0.041	30	0.35882811
348	507.84271	339	0.051	30	0.328830377
344	588.90873	359	0.071	30	0.28806909
359	397.48737	357	0.005	30	0.832553208
363	181.06602	348	0.062	30	0.304118839
358	337.13203	334	0.019	30	0.488088483
329	1350.30483	307	0.014	30	0.551504151
356	387.13203	354	0.059	30	0.31021243
362	262.13203	365	0.059	30	0.31021243
365	366.42136	359	0.004	30	0.910282102
345	846.75144	368	0.016	30	0.522819777
369	35.35534	329	0.012	30	0.586580338
347	657.84271	327	0.084	30	0.269332205
361	1336.3961	369	0.03	30	0.406585137
367	276.7767	365	0.007	30	0.727714091
368	576.7767	367	0.02	30	0.47817625
366	287.13203	358	0.02	30	0.47817625
360	638.90873	357	0.04	30	0.362389832
371	312.13203	368	0.066	30	0.296607703
364	376.7767	348	0.031	30	0.401287214
372	482.84271	369	0.018	30	0.49875929
380	356.06602	372	0.034	30	0.386730508
375	201.7767	366	0.015	30	0.536492304
378	351.7767	364	0.044	30	0.348834098
384	25	378	0.025	30	0.43734483
374	220.71068	367	0.005	30	0.832553208
377	337.13203	375	0.042	30	0.355385975
385	195.71068	374	0.064	30	0.300281109
351	1105.33009	350	0.017	30	0.510293964
383	391.42136	380	0.036	30	0.377988859
373	1049.26407	358	0.057	30	0.314521297
387	216.42136	375	0.016	30	0.522819777
393	245.71068	387	0.032	30	0.396223298
379	316.42136	364	0.041	30	0.35882811
397	35.35534	379	0.031	30	0.401287214
381	422.48737	372	0.049	30	0.334134691
392	497.48737	351	0.078	30	0.277435582
389	316.42136	374	0.004	30	0.910282102
398	60.35534	399	0.014	30	0.551504151
400	50	399	0.017	30	0.510293964
388	413.90873	378	0.069	30	0.291380419
376	516.42136	366	0.036	30	0.377988859
391	350	406	0.02	30	0.47817625
402	145.71068	406	0.027	30	0.424086546
386	538.90873	380	0.034	30	0.386730508
395	463.90873	387	0.02	30	0.47817625
401	231.06602	389	0.072	30	0.286461988
370	940.68542	329	0.025	30	0.43734483
407	391.42136	395	0.042	30	0.355385975
394	476.7767	351	0.018	30	0.49875929
382	495.71068	412	0.025	30	0.43734483
390	425	412	0.024	30	0.444544768
406	70.71068	412	0.036	30	0.377988859
399	474.26407	415	0.021	30	0.468934605
412	110.35534	415	0.009	30	0.658116829
411	191.42136	395	0.02	30	0.47817625
408	407.84271	394	0.015	30	0.536492304
417	420.71068	408	0.068	30	0.293086919
410	266.42136	386	0.038	30	0.3699019
404	387.13203	376	0.049	30	0.334134691
420	85.35534	422	0.049	30	0.334134691
414	110.35534	422	0.043	30	0.352056703
405	488.90873	376	0.034	30	0.386730508
415	145.71068	423	0.011	30	0.60735544
416	426.7767	423	0.03	30	0.406585137
409	403.55339	386	0.029	30	0.412136237
403	990.68542	389	0.006	30	0.773997397
425	707.84271	405	0.048	30	0.336901935
427	75	425	0.043	30	0.352056703
428	312.13203	403	0.01	30	0.630957345
418	438.90873	411	0.021	30	0.468934605
396	1007.10678	379	0.053	30	0.32380955
430	237.13203	425	0.043	30	0.352056703
435	60.35534	437	0.021	30	0.468934605
426	200	437	0.037	30	0.373868875
432	331.06602	418	0.031	30	0.401287214
413	690.68542	394	0.019	30	0.488088483
431	526.7767	428	0.03	30	0.406585137
419	563.90873	411	0.053	30	0.32380955
421	406.06602	408	0.037	30	0.373868875
438	156.06602	413	0.022	30	0.460289352
433	582.84271	438	0.081	30	0.273278832
439	576.7767	431	0.038	30	0.3699019
422	761.3961	447	0.022	30	0.460289352
446	170.71068	447	0.024	30	0.444544768
437	297.48737	448	0.019	30	0.488088483
447	60.35534	448	0.022	30	0.460289352
441	307.84271	431	0.038	30	0.3699019
440	316.42136	413	0.049	30	0.334134691
424	668.19805	405	0.045	30	0.34571243
429	703.55339	403	0.007	30	0.727714091
448	166.42136	451	0.013	30	0.568097214
451	50	429	0.002	30	1.201124434
436	588.90873	418	0.025	30	0.43734483
423	938.1728	459	0.01	30	0.630957345
458	316.42136	424	0.04	30	0.362389832
454	120.71068	429	0.01	30	0.630957345
450	166.42136	440	0.053	30	0.32380955
452	441.42136	456	0.021	30	0.468934605
456	291.42136	436	0.015	30	0.536492304
457	216.42136	436	0.061	30	0.306103339
453	206.06602	424	0.041	30	0.35882811
443	528.55339	421	0.057	30	0.314521297
445	855.33009	461	0.025	30	0.43734483
449	287.13203	440	0.058	30	0.312340861
460	362.13203	459	0.005	30	0.832553208
461	878.55339	460	0.033	30	0.391376211
463	287.13203	456	0.023	30	0.452177414
465	110.35534	453	0.049	30	0.334134691
434	824.26407	428	0.018	30	0.49875929
444	780.33009	438	0.025	30	0.43734483
469	25	444	0.018	30	0.49875929
470	70.71068	444	0.004	30	0.910282102
455	538.90873	451	0.005	30	0.832553208
459	909.61941	455	0.007	30	0.727714091
464	368.19805	453	0.019	30	0.488088483
462	644.97475	461	0.041	30	0.35882811
472	156.06602	470	0.062	30	0.304118839
471	176.7767	470	0.015	30	0.536492304
475	206.06602	476	0.064	30	0.300281109
473	251.7767	455	0.044	30	0.348834098
466	391.42136	460	0.008	30	0.689864831
474	541.42136	466	0.031	30	0.401287214
476	597.48737	477	0.031	30	0.401287214
477	326.7767	471	0.028	30	0.417961989
442	1177.81746	421	0.041	30	0.35882811
480	95.71068	473	0.038	30	0.3699019
479	287.13203	476	0.04	30	0.362389832
483	276.7767	477	0.055	30	0.31904719
481	275	473	0.044	30	0.348834098
478	426.7767	471	0.034	30	0.386730508
485	276.7767	480	0.031	30	0.401287214
484	353.55339	480	0.033	30	0.391376211
482	360.35534	466	0.009	30	0.658116829
467	1169.23882	434	0.018	30	0.49875929
491	441.42136	482	0.071	30	0.28806909
489	307.84271	484	0.038	30	0.3699019
488	301.7767	478	0.052	30	0.326286168
494	135.35534	467	0.058	30	0.312340861
496	85.35534	494	0.013	30	0.568097214
495	50	494	0.038	30	0.3699019
487	428.55339	478	0.032	30	0.396223298
486	736.3961	498	0.026	30	0.430537179
497	35.35534	498	0.001	30	1.584893193
492	431.06602	482	0.007	30	0.727714091
499	25	492	0.028	30	0.417961989
493	840.68542	467	0.018	30	0.49875929
500	251.7767	492	0.006	30	0.773997397
504	70.71068	500	0.008	30	0.689864831
501	868.19805	493	0.025	30	0.43734483
503	526.7767	501	0.028	30	0.417961989
490	844.97475	484	0.048	30	0.336901935
498	726.04076	509	0.028	30	0.417961989
510	520.71068	509	0.05	30	0.331445402
506	332.84271	501	0.027	30	0.424086546
502	553.55339	493	0.026	30	0.430537179
505	306.06602	500	0.01	30	0.630957345
512	125	505	0.064	30	0.300281109
513	247.48737	502	0.03	30	0.406585137
468	1923.52814	434	0.031	30	0.401287214
516	70.71068	517	0.033	30	0.391376211
509	403.55339	517	0.022	30	0.460289352
508	509.61941	522	0.025	30	0.43734483
521	60.35534	468	0.026	30	0.430537179
515	443.19805	505	0.009	30	0.658116829
523	270.71068	522	0.038	30	0.3699019
518	141.42136	513	0.058	30	0.312340861
519	135.35534	513	0.057	30	0.314521297
511	370.71068	526	0.049	30	0.334134691
507	485.35534	526	0.045	30	0.34571243
522	568.19805	528	0.015	30	0.536492304
526	131.06602	528	0.011	30	0.60735544
525	312.13203	515	0.004	30	0.910282102
517	724.26407	525	0.016	30	0.522819777
520	632.84271	468	0.026	30	0.430537179
531	25	520	0.025	30	0.43734483
527	201.7767	524	0.038	30	0.3699019
529	110.35534	525	0.002	30	1.201124434
532	445.71068	524	0.037	30	0.373868875
530	276.7767	520	0.03	30	0.406585137
524	1601.04076	515	0.026	30	0.430537179
528	493.19805	537	0.014	30	0.551504151
536	60.35534	530	0.012	30	0.586580338
537	131.06602	539	0.009	30	0.658116829
535	135.35534	539	0.026	30	0.430537179
538	141.42136	530	0.012	30	0.586580338
514	878.55339	502	0.052	30	0.326286168
539	176.7767	541	0.01	30	0.630957345
540	206.06602	541	0.014	30	0.551504151
533	684.61941	529	0.012	30	0.586580338
534	447.48737	529	0.016	30	0.522819777
541	141.42136	546	0.011	30	0.60735544
544	60.35534	534	0.011	30	0.60735544
546	120.71068	549	0.012	30	0.586580338
549	381.06602	552	0.012	30	0.586580338
551	50	552	0.016	30	0.522819777
548	971.75144	537	0.02	30	0.47817625
553	25	548	0.022	30	0.460289352
554	110.35534	548	0.021	30	0.468934605
555	491.42136	542	0.045	30	0.34571243
542	1355.33009	533	0.03	30	0.406585137
552	272.48737	556	0.007	30	0.727714091
550	519.97475	549	0.026	30	0.430537179
545	1221.75144	534	0.006	30	0.773997397
556	237.13203	559	0.011	30	0.60735544
559	75	545	0.012	30	0.586580338
561	120.71068	545	0.01	30	0.630957345
558	453.55339	542	0.025	30	0.43734483
564	95.71068	561	0.018	30	0.49875929
562	326.7767	558	0.038	30	0.3699019
543	913.90873	533	0.012	30	0.586580338
567	35.35534	543	0.009	30	0.658116829
557	861.3961	556	0.026	30	0.430537179
565	287.13203	558	0.037	30	0.373868875
569	35.35534	567	0.017	30	0.510293964
547	1514.94949	546	0.031	30	0.401287214
566	312.13203	567	0.021	30	0.468934605
570	60.35534	566	0.018	30	0.49875929
571	175	570	0.044	30	0.348834098
573	70.71068	570	0.018	30	0.49875929
560	1107.10678	559	0.031	30	0.401287214
563	637.13203	561	0.01	30	0.630957345
575	25	563	0.014	30	0.551504151
568	607.84271	543	0.033	30	0.391376211
574	297.48737	563	0.021	30	0.468934605
578	60.35534	574	0.014	30	0.551504151
572	824.26407	566	0.016	30	0.522819777
579	665.68542	574	0.017	30	0.510293964
577	693.19805	575	0.011	30	0.60735544
580	362.13203	577	0.054	30	0.321397502
576	824.26407	575	0.021	30	0.468934605
583	281.06602	588	0.038	30	0.3699019
587	220.71068	588	0.034	30	0.386730508
581	655.33009	572	0.029	30	0.412136237
589	195.71068	581	0.048	30	0.336901935
582	541.42136	572	0.054	30	0.321397502
586	562.13203	577	0.014	30	0.551504151
584	780.33009	579	0.024	30	0.444544768
593	35.35534	584	0.015	30	0.536492304
588	513.90873	598	0.027	30	0.424086546
595	25	598	0.035	30	0.382272259
590	345.71068	581	0.033	30	0.391376211
599	70.71068	590	0.053	30	0.32380955
592	276.7767	586	0.01	30	0.630957345
598	166.42136	603	0.037	30	0.373868875
603	631.06602	592	0.015	30	0.536492304
605	175	604	0.024	30	0.444544768
601	972.48737	604	0.017	30	0.510293964
604	181.06602	603	0.013	30	0.568097214
585	866.42136	579	0.034	30	0.386730508
596	378.55339	593	0.03	30	0.406585137
606	25	596	0.023	30	0.452177414
594	325	584	0.035	30	0.382272259
591	484.61941	586	0.045	30	0.34571243
597	360.35534	593	0.031	30	0.401287214
600	443.19805	590	0.032	30	0.396223298
602	420.71068	592	0.011	30	0.60735544
607	453.55339	596	0.023	30	0.452177414
609	95.71068	602	0.009	30	0.658116829
610	25	609	0.011	30	0.60735544
608	474.26407	602	0.032	30	0.396223298
611	353.55339	609	0.009	30	0.658116829
613	25	611	0.011	30	0.60735544
612	145.71068	611	0.008	30	0.689864831
614	50	612	0.009	30	0.658116829
615	370.71068	612	0.022	30	0.460289352
618	472.48737	614	0.018	30	0.49875929
617	281.06602	614	0.017	30	0.510293964
616	335.35534	614	0.018	30	0.49875929
