#hor soil.par							
SID	depth	aircapacity	fieldcapacity	deadcapacity	kf	bulk_density	corg
1	0	0	0	0	0	0	0
-9999	-9999	-9999	-9999	-9999	-9999	-9999	-9999
n/a	cm	mm	mm	mm	cm/d	g/cmü	%
1101	5	4.9	11.3	5.4	75	1.5	3
1102	30	13.5	30.6	11.4	75	1.6	1
1201	10	11.2	21.2	20.2	20	1.5	3
1202	40	14.4	28.8	27.9	20	1.6	1
2101	20	30	34.8	17	75	1.5	3
2102	20	25.4	30	10.4	75	1.6	1
2103	50	11	13	5.5	32	1.8	0
2201	10	11.2	21.2	20.2	20	1.5	3
2202	50	20	40	39	20	1.6	1
2301	20	20	37.8	36.2	20	1.5	5
2302	80	12.8	25.6	24.8	20	1.6	1
3101	20	19.6	45.2	21.6	75	1.5	3
3102	30	18.9	42.9	15.9	75	1.6	1
3201	30	33.6	63.6	60.6	20	1.5	3
3202	30	12.8	25.6	24.8	20	1.6	1
4101	30	29.4	67.8	32.4	75	1.5	3
4102	30	25.5	57.6	21.3	75	1.6	1
4201	30	38.1	60.6	42.3	43	1.5	3
4202	30	21	36	24	43	1.6	1
4301	40	40	75.6	72.4	20	1.5	5
4302	60	9.6	19.2	18.6	20	1.6	1
4401	20	12.2	39.4	76.2	10	1.5	5
4402	40	5.6	23.2	57.6	10	1.6	1
5101	30	31.5	70.5	58.5	31	1.5	3
5102	40	22	82	62	31	1.6	1
5201	30	31.5	72	34.5	75	1.5	3
5202	50	45	102.5	37.5	75	1.6	1
5301	30	18.3	59.1	114.3	10	1.5	5
5302	40	4.9	20.3	50.4	10	1.6	1
5401	30	33.6	63.6	60.6	20	1.5	3
5402	50	20	40	39	20	1.6	1
5501	30	33.6	63.6	60.6	20	1.5	5
5502	50	28	56	54.5	20	1.6	1
6101	40	44.8	84.8	80.8	20	1.5	5
6102	30	28.8	57.6	55.8	20	1.6	1
6103	50	4.5	12.5	15.5	14	1.8	0
6201	30	33.6	63.6	60.6	20	1.5	3
6202	50	37.5	75	73	20	1.6	1
6204	50	4.5	12.5	15.5	14	1.8	0
6301	20	12.2	39.4	76.2	10	1.5	5
6302	40	8.4	34.8	86.4	10	1.6	1
6401	30	31.5	72	34.5	75	1.5	3
6402	50	45	102.5	37.5	75	1.6	1
6501	40	66	92	77.2	43	1.5	15
6502	50	47	80	54	43	1.6	1
6601	20	20	54	32	35	1.5	3
6602	20	16	32	31	20	1.6	1
7101	30	36	67.5	64.5	20	1.5	3
7102	50	40	80	77.5	20	1.6	1
7103	50	22.5	62.5	77.5	14	1.8	0
7104	50	22.5	62.5	77.5	14	1.8	0
7201	20	12.2	39.4	76.2	10	1.5	5
7202	50	12	51	126	10	1.6	1
7301	50	60	112.5	107.5	20	1.5	5
7302	50	40	80	77.5	20	1.6	1
7401	70	115.5	157.5	94.5	109	1.5	40
7402	50	62.5	87.5	32.5	109	1.6	1
7501	40	33.6	84.8	94	26	1.5	5
7502	50	28.5	80	91.5	26	1.6	1
7601	30	31.5	70.5	58.5	31	1.5	3
7602	50	27.5	102.5	77.5	31	1.6	1
7701	30	30	81	48	35	1.5	3
7702	70	45.5	154	77	35	1.6	1
8101	70	66.5	199.5	87.5	41	1.5	5
8102	50	97.5	52.5	30	349	1.6	1
8201	70	73.5	164.5	136.5	31	1.5	5
8202	50	17.5	70	147.5	10	1.6	1
8301	30	18.3	59.1	114.3	10	1.5	5
8302	60	14.4	61.2	151.2	10	1.6	1
8401	70	73.5	164.5	136.5	31	1.5	5
8402	50	27.5	102.5	77.5	31	1.6	1
8501	70	78.4	148.4	141.4	20	1.5	5
8502	50	37.5	75	73	20	1.6	1
8601	20	21	47	39	31	1.5	3
8602	50	17.5	70	147.5	10	1.6	1
9101	40	26	84	162	10	1.5	5
9102	70	16.8	71.4	176.4	10	1.6	1
9201	40	38	114	172	10	1.5	15
9202	50	17.5	72.5	180	10	1.6	1
9301	70	45.5	147	283.5	10	1.5	5
9302	50	17.5	72.5	180	10	1.6	1
10001	50	45	125	155	6	2	0
10002	50	45	125	155	6	2	0
#end of hor.par							
