# J2K model output
# 
#date/time	PercoN	InterflowN	SurfaceN	Denit_rate	Nitri_rate	NH4inp	Volati_rate	PlantupN	NO3_Pool	NH4_Pool	N_activ_pool	N_stabel_pool	residue_pool	N_residue_pool_fresh
1992-11-01 07:30	0.0	0.0	0.0	0.0	-0.017697850232688873	0.0	0.0	0.0	11.738548264398036	1.1925642380528927	41.78572779784641	2047.4999999999998	9.954959559571613	0.014932439339357418
1992-11-02 07:30	0.0	0.0	0.0	0.0	-0.001698454790650517	0.0	0.0	0.02000000069954506	11.725141537030462	1.1942626928435431	41.785742501640264	2047.5000000066207	9.905924843580477	0.014858887265370716
1992-11-03 07:30	4.508100702521062E-4	8.956725890354698E-6	0.0	0.0	0.0	0.0	0.0	0.020000000281923558	11.71322289465018	1.1942626928435431	41.78575756656954	2047.5000000204464	9.855662326840068	0.014783493490260103
1992-11-04 07:30	6.415347388273074E-8	1.274605689620714E-9	0.0	0.0	0.0	0.0	0.0	3.2939310949586795E-9	11.721763233394629	1.1942626928435431	41.785772546880125	2047.5000000416537	9.805657266858256	0.014708485900287387
1992-11-05 07:30	1.4004882654131563E-11	2.782499844989955E-13	0.0	0.0	-4.301957035766459E-6	0.0	0.0	0.014365645168243634	11.715933880094424	1.1942669948005789	41.785787444589275	2047.5000000702012	9.755903077845225	0.01463385461676784
1992-11-06 07:30	3.0598820240682338E-15	6.079394928129346E-17	0.0	0.0	-0.004511910069369128	0.0	0.0	5.039239777033799E-9	11.719963210208585	1.198778904869948	41.785802260916775	2047.5000001060482	9.70639582902181	0.014559593743532715
1992-11-07 07:30	6.694703547996698E-4	1.3301083661032376E-5	0.0	0.0	-0.004962668781702607	0.0	0.0	0.015969252440709344	11.707080693868258	1.2037415736516506	41.7858173254647	2047.500000149155	9.65603697998991	0.014484055469984866
1992-11-08 07:30	4.407417540922982E-7	8.756687883283563E-9	0.0	0.0	-0.001444905896183535	0.0	0.0	0.004030785394355107	11.71033557351308	1.2051864795478342	41.78583230279445	2047.5000001996432	9.605944254224372	0.014408916381336559
1992-11-09 07:30	4.1722124074605345E-10	8.289380685099342E-12	0.0	0.0	0.0	0.0	0.0	2.4624315624350855E-8	11.719064894002234	1.2051864795478342	41.785847192486514	2047.5000002574695	9.55611919276311	0.014334178789144664
1992-11-10 07:30	0.0030589794659704158	6.077601719411146E-5	0.0	0.0	0.0	0.0	0.0	0.014943785504108407	11.71020662722904	1.2051864795478342	41.7858628086233	2047.5000003225912	9.503848331000404	0.014255772496500606
1992-11-11 07:30	0.02262804848840168	4.495756441974067E-4	0.0	0.0	0.0	0.0	0.0	0.02001434599714984	11.677571229475422	1.2051864795478342	41.78588045192478	2047.5000003953642	9.444794749387597	0.014167192124081397
1992-11-12 07:30	0.013267819403050413	2.636059604644487E-4	0.0	0.0	0.0	0.0	0.0	0.02001538358926697	11.65486808703127	1.2051864795478342	41.7858986290216	2047.5000004767817	9.383933035021235	0.014075899552531853
1992-11-13 07:30	0.007005057254924361	1.391769656864822E-4	0.0	0.0	0.0	0.0	0.0	0.01576245007576113	11.64296435046913	1.2051864795478342	41.78591694681535	2047.5000005671052	9.322572644354526	0.013983858966531789
1992-11-14 07:30	0.0026506011081221703	5.266232752263984E-5	0.0	0.0	0.0	0.0	0.0	0.020892110631673507	11.630418486353912	1.2051864795478342	41.78593521345152	2047.5000006664034	9.261352862872267	0.013892029294308399
1992-11-15 07:30	0.03012449465805739	5.985155590840837E-4	0.0	0.0	0.0	0.0	0.0	0.020227424552815666	11.591133103283584	1.2051864795478342	41.78595436776822	2047.5000007746512	9.197144314126382	0.013795716471189573
1992-11-16 07:30	0.012892653750813486	2.5615214314248175E-4	0.0	0.0	0.0	0.0	0.0	0.012040900788682128	11.577762736683638	1.2051864795478342	41.78597363304357	2047.5000008922837	9.132534621425352	0.013698801932138028
1992-11-17 07:30	0.020318151944219598	4.0368245869304E-4	0.0	0.0	0.0	0.0	0.0	0.022485474940213517	11.546661178186275	1.2051864795478342	41.78599322000957	2047.5000010193548	9.066821163860457	0.013600231745790685
1992-11-18 07:30	0.01707044397518027	3.391567704484573E-4	0.0	0.0	0.0	0.0	0.0	0.01710340737101243	11.524444596380638	1.2051864795478342	41.786012964726716	2047.5000011560226	9.000549881344213	0.013500824822016321
1992-11-19 07:30	0.02555247822827534	5.07678418057364E-4	0.0	0.0	0.0	0.0	0.0	0.01218049387715419	11.498786717420465	1.2051864795478342	41.78603301498957	2047.5000013023637	8.933227867977656	0.013399841801966485
1992-11-20 07:30	0.012172498989841194	2.418440581676816E-4	0.0	0.0	0.0	0.0	0.0	0.025401390935075586	11.47362164359321	1.2051864795478342	41.786053013474564	2047.500001458528	8.866045703597274	0.01329906855539591
1992-11-21 07:30	0.09486500041792134	0.0018847844389468485	0.0	0.0	0.0	0.0	0.0	0.017219333909683	11.373173737690891	1.2051864795478342	41.786074228111545	2047.50000162449	8.794777040275305	0.013192165560412956
1992-11-22 07:30	0.13960128113839457	0.00277360798173763	0.0	0.0	0.0	0.0	0.0	0.012578635323940358	11.232518028840607	1.2051864795478342	41.786096479760815	2047.5000018008457	8.72001702428195	0.013080025536422924
1992-11-23 07:30	0.034857012098956815	6.925415453841556E-4	0.0	0.0	0.0	0.0	0.0	0.030392377594655816	11.180797104114253	1.2051864795478342	41.786118411566335	2047.5000019881027	8.646286815633	0.012969430223449499
1992-11-24 07:30	0.014320281255668022	2.8451634589279364E-4	0.0	0.0	0.0	0.0	0.0	0.018049008449597087	11.162374112854936	1.2051864795478342	41.78614016187396	2047.5000021861044	8.573125784263176	0.012859688676394764
1992-11-25 07:30	0.0515253104417043	0.0010237084583840218	0.0	0.0	0.0	0.0	0.0	0.012258175567071513	11.112106629411656	1.2051864795478342	41.78616218934049	2047.5000023947619	8.499005370985488	0.01274850805647823
1992-11-26 07:30	0.0435328676288807	8.649140476274841E-4	0.0	0.0	0.0	0.0	0.0	0.030332062718549022	11.052052914361749	1.2051864795478342	41.78618422176057	2047.5000026142106	8.424832474612305	0.012637248711918455
1992-11-27 07:30	0.0403346581117928	8.013717980755595E-4	0.0	0.0	0.0	0.0	0.0	0.018374719117447123	11.007356261874577	1.2051864795478342	41.78620625771583	2047.500002844453	8.350611815332686	0.012525917722999024
1992-11-28 07:30	0.013744453640136082	2.7307576270100306E-4	0.0	0.0	0.0	0.0	0.0	0.009867181723901297	10.998267679897971	1.2051864795478342	41.786228061104396	2047.500003085491	8.27713039400276	0.012415695591004137
1992-11-29 07:30	0.005109656693844823	1.0151901525844471E-4	0.0	0.0	0.0	0.0	0.0	0.02451057149785177	10.983330304254775	1.2051864795478342	41.78624964360167	2047.50000333721	8.204349672789332	0.012306524509183993
1992-11-30 07:30	0.0016299552279812801	3.2384064052550346E-5	0.0	0.0	0.0	0.0	0.0	0.014861752096546263	10.981575304442364	1.2051864795478342	41.786271002282234	2047.500003599502	8.13227976427198	0.012198419646407964
1992-12-01 07:30	5.20661955256756E-4	1.0344548009238038E-5	0.0	0.0	0.0	0.0	0.0	0.01824624156410366	10.977544047749486	1.2051864795478342	41.78629212814314	2047.5000038722571	8.060951044173985	0.012091426566260971
1992-12-02 07:30	0.05188554270750952	0.0010308655781437342	0.0	0.0	0.0	0.0	0.0	0.04305752766889737	10.89659348614062	1.2051864795478342	41.786313456049136	2047.5000041553612	7.988914343972649	0.011983371515958968
1992-12-03 07:30	0.03856553657112784	7.662227680248402E-4	0.0	0.0	0.0	0.0	0.0	0.024266103890943375	10.848107751022042	1.2051864795478342	41.786334708008084	2047.5000044489132	7.917095974423773	0.011875643961635655
1992-12-04 07:30	0.021827351088877782	4.336673324672699E-4	0.0	0.0	0.0	0.0	0.0	0.014583571711272671	10.827100952527198	1.2051864795478342	41.78635678228865	2047.5000047528756	7.842501831087139	0.011763752746630702
1992-12-05 07:30	0.014373829347069357	2.8558024310424053E-4	0.0	0.0	0.0	0.0	0.0	0.03389853599633201	10.794327471662097	1.2051864795478342	41.78637856143593	2047.5000050676515	7.7688554208525895	0.011653283131278879
1992-12-06 07:30	0.005886420546343634	1.1695181360848393E-4	0.0	0.0	0.0	0.0	0.0	0.018878015829588757	10.785195437836318	1.2051864795478342	41.786400074891205	2047.500005393096	7.696059088533558	0.011544088632800332
1992-12-07 07:30	0.03700000488821216	7.351186754549918E-4	0.0	0.0	0.0	0.0	0.0	0.013613350978773055	10.749737616768776	1.2051864795478342	41.78642156839194	2047.5000057290788	7.623294143539047	0.011434941215308565
1992-12-08 07:30	0.024048513649418148	4.777975450012379E-4	0.0	0.0	0.0	0.0	0.0	0.033033039158467704	10.707989174850765	1.2051864795478342	41.78644273756445	2047.50000607559	7.551575197746995	0.011327362796620489
1992-12-09 07:30	0.011975414663422673	2.3792837303662694E-4	0.0	0.0	0.0	0.0	0.0	0.019495842387481574	10.692070845952724	1.2051864795478342	41.78646366800003	2047.5000064324706	7.480617476985726	0.011220926215478585
1992-12-10 07:30	0.02043629865996762	4.060298058745456E-4	0.0	0.0	0.0	0.0	0.0	0.017622387892735993	10.669429860483836	1.2051864795478342	41.78648443311986	2047.5000067996036	7.410176634240096	0.01111526495136014
1992-12-11 07:30	0.15518287373609335	0.003083184149268053	0.0	0.0	0.0	0.0	0.0	0.04095065149313692	10.486471246040566	1.2051864795478342	41.786505564770536	2047.500007176908	7.338480117883369	0.01100772017682505
1992-12-12 07:30	0.12244735240432925	0.00243279253028203	0.0	0.0	0.0	0.0	0.0	0.02280023610785386	10.354973800412555	1.2051864795478342	41.78652638056578	2047.500007564563	7.267801950494222	0.01090170292574133
1992-12-13 07:30	0.09168120779973736	0.0018215286253469853	0.0	0.0	0.0	0.0	0.0	0.011419754737874975	10.266139921481406	1.2051864795478342	41.7865468605993	2047.5000079624137	7.198209002647115	0.010797313503970668
1992-12-14 07:30	0.05819066969855304	0.0011561362805729682	0.0	0.0	0.0	0.0	0.0	0.027168779334753534	10.195588699095602	1.2051864795478342	41.786566972002944	2047.5000083702957	7.129811383610031	0.010694717075415043
1992-12-15 07:30	0.03599719123618601	7.151947039357206E-4	0.0	0.0	0.0	0.0	0.0	0.01639988967010542	10.158345656648516	1.2051864795478342	41.786586758448315	2047.5000087880283	7.062464123772118	0.010593696185658174
1992-12-16 07:30	0.020683267915541557	4.1093660825427885E-4	0.0	0.0	0.0	0.0	0.0	0.008340461189948684	10.14472587205473	1.2051864795478342	41.78660627676103	2047.500009215452	6.995978335532934	0.010493967503299397
1992-12-17 07:30	0.012209847461473652	2.4258610020469408E-4	0.0	0.0	0.0	0.0	0.0	0.02071284782711928	10.127325001097152	1.2051864795478342	41.78662553561739	2047.5000096524357	6.930325536136062	0.010395488304204089
1992-12-18 07:30	0.004612718726457439	9.164581709339546E-5	0.0	0.0	0.0	0.0	0.0	0.012377766705528046	10.125995726017711	1.2051864795478342	41.78664458681358	2047.5000100988516	6.865333495746037	0.010298000243619052
1992-12-19 07:30	0.02014030175082286	4.001489186571877E-4	0.0	0.0	0.0	0.0	0.0	0.009150122699907502	10.112123421110814	1.2051864795478342	41.78666352692662	2047.5000105545982	6.800680630452146	0.010201020945678216
1992-12-20 07:30	0.19778085279934823	0.00392952376572621	0.0	0.0	0.0	0.0	0.0	0.0215581619630371	9.90526905912938	1.2051864795478342	41.7866829998215	2047.5000110196208	6.734220905332053	0.010101331357998077
1992-12-21 07:30	0.11378867444653702	0.0022607613132388277	0.0	0.0	0.0	0.0	0.0	0.012134896295183061	9.79325529400071	1.2051864795478342	41.78670197623518	2047.5000114941806	6.66938432734864	0.010004076491022957
1992-12-22 07:30	0.1643208952537846	0.003264738997562263	0.0	0.0	0.0	0.0	0.0	0.014636709507149492	9.627367348499385	1.2051864795478342	41.78672095214457	2047.500011978034	6.604518451329982	0.00990677767699497
1992-12-23 07:30	0.12191083320844559	0.0024221329295110094	0.0	0.0	0.0	0.0	0.0	0.03436421586421726	9.484864379085455	1.2051864795478342	41.786739564989475	2047.5000124711808	6.5408318124169025	0.00981124771862535
1992-12-24 07:30	0.07139068036179877	0.0014183950122697423	0.0	0.0	0.0	0.0	0.0	0.019290688277007587	9.408776043788139	1.2051864795478342	41.78675777175513	2047.5000129734428	6.478468386478863	0.00971770257971829
1992-12-25 07:30	0.041981967325409035	8.341006523240132E-4	0.0	0.0	0.0	0.0	0.0	0.00975744357424239	9.372106094430974	1.2051864795478342	41.786775667198235	2047.5000134846211	6.417112981371316	0.00962566947205697
1992-12-26 07:30	0.025550845239160347	5.07645973715833E-4	0.0	0.0	0.0	0.0	0.0	0.02279447724790966	9.339072542472097	1.2051864795478342	41.78679328387517	2047.5000140045631	6.356657584630825	0.009534986376946233
1992-12-27 07:30	0.013412985581108103	2.6649013220596734E-4	0.0	0.0	0.0	0.0	0.0	0.01274543296614978	9.32843176634334	1.2051864795478342	41.786810681756464	2047.5000145331321	6.296902750136547	0.009445354125204817
1992-12-28 07:30	0.008498881586722792	1.688563716074246E-4	0.0	0.0	0.0	0.0	0.0	0.01034750805364006	9.325168338969673	1.2051864795478342	41.78682786699782	2047.5000150702208	6.237828316519812	0.009356742474779713
1992-12-29 07:30	0.004035610239594882	8.01797854607511E-5	0.0	0.0	0.0	0.0	0.0	0.02407952236383393	9.312687396322126	1.2051864795478342	41.78684483655557	2047.500015615725	6.179444776936663	0.00926916716540499
1992-12-30 07:30	0.0013677269886193154	2.717409511959821E-5	0.0	0.0	0.0	0.0	0.0	0.013422350058185576	9.31356544148514	1.2051864795478342	41.786861613525936	2047.5000161695389	6.121675496521999	0.009182513244782994
1992-12-31 07:30	4.650706239079912E-4	9.2400555641329E-6	0.0	0.0	0.0	0.0	0.0	0.009675635999005387	9.319098154413059	1.2051864795478342	41.78687820714071	2047.5000167315677	6.06449001751779	0.00909673502627668
1993-01-01 07:30	1.5767598766252931E-4	3.1327175104904967E-6	0.0	0.0	0.0	0.0	0.0	0.022216880880975325	9.31237688999513	1.2051864795478342	41.786894604627655	2047.500017301722	6.007931213751063	0.009011896820626591
1993-01-02 07:30	5.355191020281457E-5	1.0639730836608525E-6	0.0	0.0	0.0	0.0	0.0	0.013187779164454414	9.314774971202915	1.2051864795478342	41.78691081939042	2047.5000178799053	5.9519547270316036	0.008927932090547402
1993-01-03 07:30	1.820597588503184E-5	3.617175975626425E-7	0.0	0.0	0.0	0.0	0.0	0.007688026669643511	9.322699209619232	1.2051864795478342	41.78692686015351	2047.500018466028	5.89653177439726	0.008844797661595887
1993-01-04 07:30	6.168099602998786E-6	1.225482327348424E-7	0.0	0.0	0.0	0.0	0.0	0.018942714748752768	9.319358892093748	1.2051864795478342	41.78694271554626	2047.500019060005	5.841700542506214	0.008762550813759318
1993-01-05 07:30	2.0962144010538162E-6	4.164773379430817E-8	0.0	0.0	0.0	0.0	0.0	0.011283259288209063	9.323681518651266	1.2051864795478342	41.78695841015406	2047.500019661745	5.7873793831166545	0.00868106907467498
1993-01-06 07:30	0.1798548590723857	0.003573368873190574	0.0	0.0	0.0	0.0	0.0	0.0061540346813528865	9.150490401054494	1.2051864795478342	41.786974756246394	2047.5000202711694	5.7308609941404764	0.008596291491210713
1993-01-07 07:30	0.13242896075425642	0.002631107820544239	0.0	0.0	0.0	0.0	0.0	0.015474624147946342	9.016206106691335	1.2051864795478342	41.78699078524626	2047.5000208885972	5.675372901746841	0.00851305935262026
1993-01-08 07:30	0.07934039270636185	0.0015763404511052184	0.0	0.0	0.0	0.0	0.0	0.009392434420916246	8.94196025917621	1.2051864795478342	41.787006456080185	2047.500021513873	5.621052535711371	0.008431578803567054
1993-01-09 07:30	0.06891387387880174	0.001369185648469924	0.0	0.0	0.0	0.0	0.0	0.009922498342895254	8.87777865071706	1.2051864795478342	41.78702192432807	2047.5000221468213	5.567381881602923	0.008351072822404382
1993-01-10 07:30	0.11249631403670256	0.0022350846065584285	0.0	0.0	0.0	0.0	0.0	0.024086472657443837	8.755150156842085	1.2051864795478342	41.78703739651698	2047.5000227873427	5.5136728470908025	0.008270509270636201
1993-01-11 07:30	0.2261373232134092	0.080461752882532	0.0	0.0	0.0	0.0	0.0	0.014023563249935487	8.45156537754641	1.2051864795478342	41.78705354264684	2047.500023435439	5.45769209284048	0.008186538139260718
1993-01-12 07:30	0.21797412133490512	0.11612064817036521	0.0	0.0	0.0	0.0	0.0	0.006251089705065681	8.128471287897794	1.2051864795478342	41.78706971973577	2047.5000240914405	5.4015817912791375	0.008102372686918704
1993-01-13 07:30	0.21045029064926693	0.03551493694294525	0.0	0.0	0.0	0.0	0.0	0.015592533255769106	7.88369953857302	1.2051864795478342	41.78708526670598	2047.5000247553623	5.347545484736023	0.008021318227104033
1993-01-14 07:30	0.1550458417519695	0.003080461588258441	0.0	0.0	0.0	0.0	0.0	0.009380193118768391	7.732593186558198	1.2051864795478342	41.78710027557587	2047.5000254268955	5.295277474691459	0.007942916212037188
1993-01-15 07:30	0.08940080163399938	0.0017762213567365749	0.0	0.0	0.0	0.0	0.0	0.009667648554138856	7.647904439816046	1.2051864795478342	41.787114893181496	2047.5000261057762	5.2442891866975785	0.007866433780046367
1993-01-16 07:30	0.054490257834769656	0.0010826162398010542	0.0	0.0	0.0	0.0	0.0	0.023371355310914478	7.584940004950284	1.2051864795478342	41.787129191727445	2047.5000267918128	5.194340578207872	0.007791510867311807
1993-01-17 07:30	0.03412155276677	6.779293881219703E-4	0.0	0.0	0.0	0.0	0.0	0.013520968267438923	7.552522980382566	1.2051864795478342	41.787143270147354	2047.500027484849	5.145102391744052	0.007717653587616078
1993-01-18 07:30	0.03160309796228744	6.278925525686239E-4	0.0	0.0	0.0	0.0	0.0	0.00981447029096798	7.526368023828257	1.2051864795478342	41.787157190276076	2047.5000281847765	5.096368870910643	0.007644553306365965
1993-01-19 07:30	0.027564868658418805	5.476607313563731E-4	0.0	0.0	0.0	0.0	0.0	0.023868618567078306	7.490251797777825	1.2051864795478342	41.78717094229741	2047.5000288915178	5.048172995187626	0.0075722594927814385
1993-01-20 07:30	0.08334864600132268	0.001655976706883618	0.0	0.0	0.0	0.0	0.0	0.013917590687903332	7.407471122987675	1.2051864795478342	41.78718480106496	2047.5000296049907	4.999598860650964	0.007499398290976446
1993-01-21 07:30	0.0869499495555487	0.001727527656854909	0.0	0.0	0.0	0.0	0.0	0.008000623637671542	7.326955313644807	1.2051864795478342	41.78719853188534	2047.500030325247	4.951428604483419	0.007427142906725128
1993-01-22 07:30	0.1897034385369317	0.02516563718539732	0.0	0.0	0.0	0.0	0.0	0.019114160169244308	7.109706876139018	1.2051864795478342	41.78721262421663	2047.5000310522244	4.902030908943118	0.007353046363414676
1993-01-23 07:30	0.1399987404029673	0.002781504730103009	0.0	0.0	0.0	0.0	0.0	0.010874977811050466	6.972452795317567	1.2051864795478342	41.78722626979134	2047.5000317860997	4.854099408753552	0.007281149113130327
1993-01-24 07:30	0.1304375521608779	0.0025915423758401898	0.0	0.0	0.0	0.0	0.0	0.004109359590742743	6.85168772810277	1.2051864795478342	41.78723974447324	2047.500032526654	4.806715287980888	0.0072100729319713305
1993-01-25 07:30	0.093425184978933	0.0018561780854718527	0.0	0.0	0.0	0.0	0.0	0.010612265923774043	6.762015225665832	1.2051864795478342	41.78725294336302	2047.5000332738034	4.76022849027911	0.007140342735418664
1993-01-26 07:30	0.12294357766174543	0.0024426515682757074	0.0	0.0	0.0	0.0	0.0	0.00669848096453352	6.6462866166600865	1.2051864795478342	41.78726611629796	2047.500034027413	4.713806675449955	0.007070710013174931
1993-01-27 07:30	0.10692724587371931	0.00212443797221717	0.0	0.0	0.0	0.0	0.0	0.007144717607726688	6.546383831394349	1.2051864795478342	41.78727909474127	2047.5000347874698	4.668011675360526	0.007002017513040787
1993-01-28 07:30	0.15503466249464612	0.0030802394779949165	0.0	0.0	0.0	0.0	0.0	0.017370720366280675	6.387401055657413	1.2051864795478342	41.78729210851501	2047.5000355538782	4.62207773441553	0.006933116601623293
1993-01-29 07:30	0.08685101164433022	0.0017255619515403567	0.0	0.0	0.0	0.0	0.0	0.01025742103931694	6.304784145241126	1.2051864795478342	41.787304744488274	2047.5000363266558	4.577381898097947	0.006866072847146919
1993-01-30 07:30	0.05240383368025263	0.0010411630193071695	0.0	0.0	0.0	0.0	0.0	0.009159387800393062	6.258220053099517	1.2051864795478342	41.78731710026708	2047.5000371056174	4.533599430289817	0.006800399145434724
1993-01-31 07:30	0.03288318123563319	6.533253362457369E-4	0.0	0.0	0.0	0.0	0.0	0.022023483232426127	6.2185874150417515	1.2051864795478342	41.78732923316914	2047.5000378906254	4.4905397298361445	0.006735809594754215
1993-02-01 07:30	0.0211684853795697	4.2057694264184623E-4	0.0	0.0	0.0	0.0	0.0	0.012849451528113549	6.199997969870426	1.2051864795478342	41.787341174940885	2047.5000386815707	4.448097339524364	0.006672146009286544
1993-02-02 07:30	0.013384289544812801	2.659199973571762E-4	0.0	0.0	0.0	0.0	0.0	0.009877709690297255	6.192261251727297	1.2051864795478342	41.78735294485387	2047.5000394783597	4.406208333229788	0.00660931249984468
1993-02-03 07:30	0.007776459349896116	1.5450323626434113E-4	0.0	0.0	0.0	0.0	0.0	0.022666962977083902	6.177401712578652	1.2051864795478342	41.78736454939746	2047.5000402809078	4.364851360620155	0.00654727704093023
1993-02-04 07:30	0.0028224724851178672	5.607708001760382E-5	0.0	0.0	0.0	0.0	0.0	0.012493952863017776	6.177743416193595	1.2051864795478342	41.78737601328559	2047.5000410891341	4.323944312196296	0.006485916468294442
1993-02-05 07:30	9.596337218796104E-4	1.9066069658137565E-5	0.0	0.0	0.0	0.0	0.0	0.010417816166148562	6.182057433207366	1.2051864795478342	41.78738735406208	2047.5000419029698	4.283428938487304	0.006425143407730953
1993-02-06 07:30	0.03570148048461883	7.093195021170548E-4	0.0	0.0	0.0	0.0	0.0	0.024043782889330283	6.1375440739179545	1.2051864795478342	41.787398752555745	2047.5000427223542	4.242702678073909	0.006364054017110861
1993-02-07 07:30	0.08044930836357939	0.0015983724646573235	0.0	0.0	0.0	0.0	0.0	0.01331455154754205	6.058371761784549	1.2051864795478342	41.78741021845834	2047.5000435473157	4.201733130982076	0.006302599696473111
1993-02-08 07:30	0.0766893248313261	0.0015236688498250126	0.0	0.0	0.0	0.0	0.0	0.0079133414528421	5.98842459333678	1.2051864795478342	41.787421552332944	2047.5000443778872	4.1611849770544005	0.006241777465581598
1993-02-09 07:30	0.04605006858802781	9.149259716943318E-4	0.0	0.0	0.0	0.0	0.0	0.018227836072596686	5.939230778650949	1.2051864795478342	41.78743262947298	2047.500045214004	4.12147412072738	0.0061822111810910674
1993-02-10 07:30	0.02763775548033162	5.491088518132368E-4	0.0	0.0	0.0	0.0	0.0	0.010077225386789623	5.916858311728544	1.2051864795478342	41.7874435086291	2047.5000460555405	4.082405146001536	0.006123607719002301
1993-02-11 07:30	0.01730815397876169	3.4387960936437445E-4	0.0	0.0	0.0	0.0	0.0	0.009005656349569105	5.906027463876422	1.2051864795478342	41.787454224353034	2047.5000469023992	4.043863203985575	0.00606579480597836
1993-02-12 07:30	0.011259516073525178	2.237048499653312E-4	0.0	0.0	0.0	0.0	0.0	0.021761895876576325	5.888551756043677	1.2051864795478342	41.787464784421786	2047.5000477545	4.0058226384379365	0.006008733957656902
1993-02-13 07:30	0.006121169005126929	1.2161581234597747E-4	0.0	0.0	0.0	0.0	0.0	0.012674351837867305	5.8853755180607745	1.2051864795478342	41.78747521183642	2047.5000486117667	3.968207033587291	0.005952310550380934
1993-02-14 07:30	0.003653933511380317	7.259660562753774E-5	0.0	0.0	0.0	0.0	0.0	0.008817813867804494	5.88855250469628	1.2051864795478342	41.78748551458564	2047.5000494741344	3.9309899772517047	0.005896484965877555
1993-02-15 07:30	0.0019801788030862073	3.934233044797638E-5	0.0	0.0	0.0	0.0	0.0	0.021440626970604136	5.880793447061113	1.2051864795478342	41.787495693631705	2047.5000503415417	3.8941684656699693	0.005841252698504952
1993-02-16 07:30	6.738036299008758E-4	1.338717747270632E-5	0.0	0.0	0.0	0.0	0.0	0.012530938274820545	5.883273637103022	1.2051864795478342	41.78750576258104	2047.5000512139281	3.8576973463399873	0.005786546019509979
1993-02-17 07:30	0.0370295048206501	7.357047821683644E-4	0.0	0.0	0.0	0.0	0.0	0.006677315993639862	5.854785288805759	1.2051864795478342	41.787515901075025	2047.5000520912397	3.8209779946251134	0.0057314669919376685
1993-02-18 07:30	0.03532867457797692	7.019125683850077E-4	0.0	0.0	0.0	0.0	0.0	0.01596426617645541	5.818734905890073	1.2051864795478342	41.78752592340194	2047.5000529735103	3.784629336214353	0.005676944004321528
1993-02-19 07:30	0.03817674726753228	7.584982750483195E-4	0.0	0.0	0.0	0.0	0.0	0.009202869904092551	5.78656042651912	1.2051864795478342	41.78753585035392	2047.500053860683	3.7485822538262523	0.005622873380739377
1993-02-20 07:30	0.10148669132149907	0.0020163446552499877	0.0	0.0	0.0	0.0	0.0	0.0051037112339916025	5.69427462482052	1.2051864795478342	41.78754590947438	2047.500054752711	3.7120784253839694	0.005568117638075952
1993-02-21 07:30	0.059430203258114565	0.0011807634197109197	0.0	0.0	0.0	0.0	0.0	0.012756971429672536	5.637006942238023	1.2051864795478342	41.78755571067098	2047.5000556496593	3.676417943013243	0.0055146269145198625
1993-02-22 07:30	0.03675750607415756	7.303006921188866E-4	0.0	0.0	0.0	0.0	0.0	0.0077358246720863385	5.607744451074926	1.2051864795478342	41.787565313016856	2047.500056551401	3.6414043176414475	0.00546210647646217
1993-02-23 07:30	0.02345837358335108	4.6607260104485586E-4	0.0	0.0	0.0	0.0	0.0	0.007845335704497197	5.591845944398908	1.2051864795478342	41.78757475230704	2047.500057457839	3.6069185574997653	0.005410377836249646
1993-02-24 07:30	0.015232489507835104	3.026401630138508E-4	0.0	0.0	0.0	0.0	0.0	0.01910311226043352	5.573020029406787	1.2051864795478342	41.787584051190414	2047.500058368893	3.5728854327251627	0.005359328149087742
1993-02-25 07:30	0.01002771450058867	1.9923133047644722E-4	0.0	0.0	0.0	0.0	0.0	0.01118766784066555	5.567378681205068	1.2051864795478342	41.787593224450276	2047.5000592844945	3.539255895196885	0.005308883842795326
1993-02-26 07:30	0.006662487349556914	1.3237076293474444E-4	0.0	0.0	0.0	0.0	0.0	0.004321680843567351	5.57200934027982	1.2051864795478342	41.787602281985514	2047.5000602045816	3.505997153942322	0.0052589957309134815
1993-02-27 07:30	0.04242916212660279	8.429855497967877E-4	0.0	0.0	0.0	0.0	0.0	0.010279873841093707	5.534456906777813	1.2051864795478342	41.78761139998276	2047.5000611290977	3.4725221093730143	0.00520878316405952
1993-02-28 07:30	0.026848424682271013	5.334263725130514E-4	0.0	0.0	0.0	0.0	0.0	0.005829400280455951	5.517140603634546	1.2051864795478342	41.78762035281835	2047.5000620580724	3.4395827417228535	0.005159374112584279
1993-03-01 07:30	0.01736085597235588	3.44926696245629E-4	0.0	0.0	0.0	0.0	0.0	0.007915139802801351	5.507341853383844	1.2051864795478342	41.78762916295275	2047.5000629914248	3.4071044527381003	0.00511065667910715
1993-03-02 07:30	0.010961928863831735	2.1779236654585236E-4	0.0	0.0	0.0	0.0	0.0	0.0192547078633838	5.492664548489741	1.2051864795478342	41.787637837318975	2047.5000639290847	3.375064365523779	0.005062596548285668
1993-03-03 07:30	0.00547840580727888	1.088453483403414E-4	0.0	0.0	0.0	0.0	0.0	0.011241673696802542	5.491570147363546	1.2051864795478342	41.78764640361287	2047.5000648709856	3.3433703825663454	0.005015055573849517
1993-03-04 07:30	0.003663154735344634	7.277981354783945E-5	0.0	0.0	0.0	0.0	0.0	0.007821093525488005	5.495732970059915	1.2051864795478342	41.78765486785899	2047.5000658170748	3.312002598631385	0.004968003897947076
1993-03-05 07:30	0.002451456740319496	4.870571334581135E-5	0.0	0.0	0.0	0.0	0.0	0.019111568715923	5.489831175340321	1.2051864795478342	41.78766323400664	2047.5000667673019	3.2809480161945506	0.004921422024291825
1993-03-06 07:30	0.036400710562447244	7.232118540290209E-4	0.0	0.0	0.0	0.0	0.0	0.011216261385362424	5.457450437666693	1.2051864795478342	41.78767165549514	2047.500067721619	3.249695331221673	0.004874542996832508
1993-03-07 07:30	0.024545241711715484	4.876665727573307E-4	0.0	0.0	0.0	0.0	0.0	0.010402945273578964	5.437892535320334	1.2051864795478342	41.787679936341995	2047.500068680053	3.218897728429161	0.00482834659264374
1993-03-08 07:30	0.01583796420153307	3.146697764205931E-4	0.0	0.0	0.0	0.0	0.0	0.02519998560990937	5.412337175299719	1.2051864795478342	41.78768807926956	2047.500069642535	3.188546363215147	0.004782819544822719
1993-03-09 07:30	0.008953686807753086	1.778924734318414E-4	0.0	0.0	0.0	0.0	0.0	0.014632497857917037	5.4043177965836655	1.2051864795478342	41.78769610254427	2047.5000706089975	3.158580572796659	0.004737870859194988
1993-03-10 07:30	0.004603382106814506	9.146031648370969E-5	0.0	0.0	0.0	0.0	0.0	0.01906465227582647	5.396275964479069	1.2051864795478342	41.78770402230972	2047.5000715793817	3.1289467407567906	0.004693420111135185
1993-03-11 07:30	0.002379075258818613	4.7267633027466546E-5	0.0	0.0	0.0	0.0	0.0	0.045487107946268195	5.3640197123993	1.2051864795478342	41.78771182110288	2047.5000725536368	3.099703246429671	0.004649554869644506
1993-03-12 07:30	8.01948592192746E-4	1.593317051327052E-5	0.0	0.0	0.0	0.0	0.0	0.02602085843672121	5.352805874080028	1.2051864795478342	41.78771951634307	2047.5000735317035	3.070792223149262	0.0046061883347238925
1993-03-13 07:30	2.715419781512765E-4	5.395014944243706E-6	0.0	0.0	0.0	0.0	0.0	0.018189106349775958	5.349943454839322	1.2051864795478342	41.787727115401275	2047.5000745135312	3.0421892701594166	0.004563283905239124
1993-03-14 07:30	9.111371338400656E-5	1.8102536067495398E-6	0.0	0.0	0.0	0.0	0.0	0.04389044990634285	5.3215142534717295	1.2051864795478342	41.78773460404946	2047.5000754990726	3.0139419714860174	0.0045209129572290245
1993-03-15 07:30	3.073913720051885E-5	6.107273199489181E-7	0.0	0.0	0.0	0.0	0.0	0.02532484423033611	5.311688901663644	1.2051864795478342	41.78774199792907	2047.5000764882736	2.985998369500069	0.004478997554250103
1993-03-16 07:30	1.0418309388344731E-5	2.0699169692489072E-7	0.0	0.0	0.0	0.0	0.0	0.014856229138350423	5.312353567548336	1.2051864795478342	41.787749310999665	2047.5000774810878	2.9583120871608095	0.004437468130741213
1993-03-17 07:30	0.0024906123546217475	4.948365981931757E-5	0.0	0.0	0.0	0.0	0.0	0.035492193238407785	5.289861801229378	1.2051864795478342	41.78775654841594	2047.5000784774754	2.930866074306171	0.004396299111459255
1993-03-18 07:30	0.0011180024796554875	2.221255117351557E-5	0.0	0.0	0.0	0.0	0.0	0.020411523032991964	5.283850593122984	1.2051864795478342	41.787763706068645	2047.5000794773994	2.9036741521233926	0.004355511228185087
1993-03-19 07:30	3.7567067304459026E-4	7.463851110565858E-6	0.0	0.0	0.0	0.0	0.0	0.026238158801461253	5.272738106126906	1.2051864795478342	41.78777076819771	2047.5000804808205	2.8767889845740138	0.004315183476861019
1993-03-20 07:30	1.2456016474466004E-4	2.4747700330905165E-6	0.0	0.0	0.0	0.0	0.0	0.06296686003889435	5.225080505602935	1.2051864795478342	41.787777714987605	2047.5000814876921	2.850276779568996	0.0042754151693534925
1993-03-21 07:30	0.0072335727925318775	1.4371712831171587E-4	0.0	0.0	0.0	0.0	0.0	0.036136289072147505	5.197060896145326	1.2051864795478342	41.787784614676035	2047.5000824979577	2.823910266578665	0.004235865399867996
1993-03-22 07:30	0.012269634948328221	2.437739621597966E-4	0.0	0.0	0.0	0.0	0.0	0.02687791874285864	5.173457675732467	1.2051864795478342	41.787791586745726	2047.5000835115939	2.7972912468884927	0.004195936870332737
1993-03-23 07:30	0.007363295893619813	1.462944759238525E-4	0.0	0.0	0.0	0.0	0.0	0.06460528507619577	5.117044691948438	1.2051864795478342	41.787798437085115	2047.5000845286363	2.771066640964313	0.004156599961446468
1993-03-24 07:30	0.0024502727263488104	4.8682189273734055E-5	0.0	0.0	0.0	0.0	0.0	0.03714164134511843	5.0930528123209955	1.2051864795478342	41.787805184072575	2047.5000855490252	2.745175386468314	0.004117763079702469
1993-03-25 07:30	0.036397706671305846	7.231521725104982E-4	0.0	0.0	0.0	0.0	0.0	0.018072550573047415	5.0538386267645805	1.2051864795478342	41.787812017852154	2047.50008657271	2.718983838854413	0.004078475758281618
1993-03-26 07:30	0.022857512668445025	4.5413465451666116E-4	0.0	0.0	0.0	0.0	0.0	0.04395122981935565	5.002428907537193	1.2051864795478342	41.78781871207052	2047.500087599733	2.6932463675882645	0.004039869551382395
1993-03-27 07:30	0.01269565532025154	2.5223816459629114E-4	0.0	0.0	0.0	0.0	0.0	0.025592325327827264	4.979686947132731	1.2051864795478342	41.787825303584704	2047.5000886300259	2.667840343916878	0.004001760515875316
1993-03-28 07:30	0.008368842387898085	1.662727437434266E-4	0.0	0.0	0.0	0.0	0.0	0.012823765864924454	4.974089933056767	1.2051864795478342	41.78783180272569	2047.5000896635383	2.6427314991191673	0.003964097248678749
1993-03-29 07:30	0.005537517753018716	1.1001978859750143E-4	0.0	0.0	0.0	0.0	0.0	0.03105867443289088	4.953121313243635	1.2051864795478342	41.78783821643863	2047.500090700225	2.617896833672805	0.003926845250509205
1993-03-30 07:30	0.011638995420667535	2.3124437207827793E-4	0.0	0.0	0.0	0.0	0.0	0.01801291751947148	4.939013169262115	1.2051864795478342	41.78784457468497	2047.5000917400441	2.593236615699682	0.003889854923549521
1993-03-31 07:30	0.006645408424032329	1.3203143765228145E-4	0.0	0.0	0.0	0.0	0.0	0.026214020564266343	4.9217374924544295	1.2051864795478342	41.78785083274982	2047.5000927829683	2.56889998553319	0.0038533499782997835
1993-04-01 07:30	0.0022103972445912798	4.391632648651309E-5	0.0	0.0	0.0	0.0	0.0	0.0630552958096067	4.872064249912164	1.2051864795478342	41.78785698281786	2047.5000938289486	2.5449131580026236	0.0038173697370039333
1993-04-02 07:30	0.017943292238943018	3.5649858057710626E-4	0.0	0.0	0.0	0.0	0.0	0.03622035723704076	4.833369891998505	1.2051864795478342	41.787863149174406	2047.5000948779318	2.520862025197597	0.0037812930377963934
1993-04-03 07:30	0.010354892106924871	2.0573171795842374E-4	0.0	0.0	0.0	0.0	0.0	0.014760650199627665	4.823811152518933	1.2051864795478342	41.78786921588466	2047.5000959299261	2.497133009953684	0.0037456995149305235
1993-04-04 07:30	0.02136546815399539	4.2449061013083086E-4	0.0	0.0	0.0	0.0	0.0	0.03575096910315603	4.782125180581095	1.2051864795478342	41.78787525409019	2047.5000969848827	2.473489136571104	0.0037102337048566534
1993-04-05 07:30	0.02217953663757209	4.406645794906893E-4	0.0	0.0	0.0	0.0	0.0	0.020736885049687633	4.754647022425794	1.2051864795478342	41.7878812329279	2047.5000980427874	2.450033328682771	0.003675049993024154
1993-04-06 07:30	0.05491414304238371	0.001091038020644264	0.0	0.0	0.0	0.0	0.0	0.015252586190866056	4.6995163815474665	1.2051864795478342	41.787887251181914	2047.500099103611	2.42643640294326	0.0036396546044148866
1993-04-07 07:30	0.042569318954599575	8.457701954222209E-4	0.0	0.0	0.0	0.0	0.0	0.037115635820835505	4.635012759605453	1.2051864795478342	41.78789315495108	2047.5001001673731	2.4032112989172334	0.0036048169483758464
1993-04-08 07:30	0.025101409261437686	4.987165483916066E-4	0.0	0.0	0.0	0.0	0.0	0.021620432045699623	4.603682428624794	1.2051864795478342	41.78789893032469	2047.5001012340174	2.380404572715359	0.0035706068590730354
1993-04-09 07:30	0.014642963717177594	2.909274235241115E-4	0.0	0.0	0.0	0.0	0.0	0.010953326475936201	4.593604325280739	1.2051864795478342	41.7879046034628	2047.5001023034808	2.3579292339285205	0.0035368938508927774
1993-04-10 07:30	0.008684524511110485	1.7254473816563957E-4	0.0	0.0	0.0	0.0	0.0	0.026597093836652604	4.573888139168471	1.2051864795478342	41.78791018022192	2047.5001033757135	2.335765927983761	0.0035036488919756377
1993-04-11 07:30	0.0036969913143300973	7.345208105701608E-5	0.0	0.0	0.0	0.0	0.0	0.015483209119535973	4.570337249335019	1.2051864795478342	41.78791567712809	2047.500104450668	2.313859725582601	0.003470789588373898
1993-04-12 07:30	0.001279661400495778	2.542440187793151E-5	0.0	0.0	0.0	0.0	0.0	0.016121298949377947	4.568589649949339	1.2051864795478342	41.78792109987713	2047.5001055283053	2.2921917711696644	0.003438287656754493
1993-04-13 07:30	4.304397404922738E-4	8.552006759185065E-6	0.0	0.0	0.0	0.0	0.0	0.037919890488434055	4.545865583159685	1.2051864795478342	41.78792644114723	2047.500106608589	2.2707865919715347	0.0034061798879572985
1993-04-14 07:30	1.4603617082708593E-4	2.9014568184862117E-6	0.0	0.0	0.0	0.0	0.0	0.02131762277919304	4.540024298877103	1.2051864795478342	41.787931716059816	2047.5001076914791	2.249593916428909	0.00337439087464336
1993-04-15 07:30	0.03804651212395993	7.559107541404211E-4	0.0	0.0	0.0	0.0	0.0	0.017207353078423106	4.500034416914628	1.2051864795478342	41.78793708822843	2047.500108776943	2.228068474519316	0.0033421027117789704
1993-04-16 07:30	0.02360741349223339	4.6903373634033776E-4	0.0	0.0	0.0	0.0	0.0	0.040815753128619486	4.4510076099103895	1.2051864795478342	41.78794233439861	2047.5001098650284	2.2069542890608003	0.0033104314335911976
1993-04-17 07:30	0.012301187894304861	2.444008582892196E-4	0.0	0.0	0.0	0.0	0.0	0.023542104569876772	4.4307220784109	1.2051864795478342	41.78794749307062	2047.5001109556736	2.186123231681071	0.0032791848475216038
1993-04-18 07:30	0.09902799009628732	0.0019674950079735074	0.0	0.0	0.0	0.0	0.0	0.0040194901728501185	4.342152158376594	1.2051864795478342	41.78795284218171	2047.5001120488357	2.1646489878775124	0.0032469734818162655
1993-04-19 07:30	0.0760061886604342	0.0015100962527775607	0.0	0.0	0.0	0.0	0.0	0.009470231056964446	4.2714798339688596	1.2051864795478342	41.78795807473529	2047.500113144608	2.1435545686492214	0.0032153318529738292
1993-04-20 07:30	0.04482173388717884	8.905213322616712E-4	0.0	0.0	0.020980910887848387	0.0	0.0	0.005412180340129628	4.257432969251263	1.1842055686599857	41.78796315960042	2047.500114242933	2.12294393430108	0.003184415901451617
1993-04-21 07:30	0.02801872413646251	5.566779636209497E-4	0.0	0.0	0.044614329337260984	0.0	0.0	0.007590878960607672	4.281839655930821	1.1395912393227248	41.787968130113235	2047.5001153437388	2.10270620568036	0.003154059308520537
1993-04-22 07:30	0.024997732566325787	4.96656692588439E-4	0.0	0.0	0.06302964422171467	0.0	0.0	0.020387562042339758	4.314924106243016	1.0765615951010101	41.787973032165795	2047.500116446969	2.0826885960782846	0.0031240328941174243
1993-04-23 07:30	0.01630367704758138	3.2392259169896286E-4	0.0	0.0	0.07629336625074831	0.0	0.0	0.013049740555849886	4.377392789563062	1.0002682288502618	41.78797784335285	2047.5001175525904	2.062965901584525	0.0030944488523767847
1993-04-24 07:30	0.010278279449232586	2.042095723366597E-4	0.0	0.0	0.08621741417244908	0.0	0.0	0.011535824229421156	4.457389527219308	0.9140508146778127	41.78798257590298	2047.5001186605582	2.0434975087403235	0.0030652462631104824
1993-04-25 07:30	0.006204229444683051	1.2326606294712426E-4	0.0	0.0	0.09383389460879782	0.0	0.0	0.030199545412201	4.530446194693522	0.8202169200690148	41.78798723359392	2047.5001197708339	2.024270953669116	0.003036406430503671
1993-04-26 07:30	0.002532013764190541	5.030622590967714E-5	0.0	0.0	0.09724725957148987	0.0	0.0	0.018880077989036397	4.621961534803086	0.722969660497525	41.7879918278085	2047.5001208833805	2.005248415895791	0.0030078726238436837
1993-04-27 07:30	8.780124372529237E-4	1.744441228741595E-5	0.0	0.0	0.09392074471756608	0.0	0.0	0.0066248370133001385	4.724089146079382	0.6290489157799589	41.78799636503931	2047.5001219981673	1.986408357216812	0.0029796125358252153
1993-04-28 07:30	3.04044927141723E-4	6.040785799745685E-6	0.0	0.0	0.08969976622109598	0.0	0.0	0.018124581490501668	4.811075073288176	0.5393491495588629	41.7880008447759	2047.5001231151662	1.967752572299318	0.002951628858448974
1993-04-29 07:30	1.0539477501868789E-4	2.0939907344795602E-6	0.0	0.0	0.08326642404644084	0.0	0.0	0.01199715829216834	4.8979571450732315	0.45608272551242207	41.78800526965107	2047.500124234349	1.9492723790850919	0.002923908568627635
1993-04-30 07:30	3.640601516718535E-5	7.233172462856077E-7	0.0	0.0	0.07318016021329365	0.0	0.0	0.01665537681951109	4.970159384018869	0.3829025652991284	41.788009638379464	2047.5001253556889	1.9309721518348968	0.0028964582277523424
1993-05-01 07:30	0.01668617755255243	3.315221383861787E-4	0.0	0.0	0.06449431735946895	0.0	0.0	0.04258099215420024	4.990942841645483	0.3184082479396595	41.788014013465556	2047.500126479158	1.912643634038747	0.0028689654510581177
1993-05-02 07:30	0.033927623973331725	6.740763973400597E-4	0.0	0.0	0.053804869279757465	0.0	0.0	0.02606601475395463	5.0000970790188415	0.264603378659902	41.788018378606544	2047.5001276047599	1.8943411580546399	0.0028415117370819572
1993-05-03 07:30	0.02174873283917481	4.321053396036783E-4	0.0	0.0	0.04202154828648734	0.0	0.0	0.019149533335514526	5.016707661179268	0.22258183037341467	41.78802265598413	2047.5001287324894	1.8763241345511386	0.0028144862018267052
1993-05-04 07:30	0.014109220972727021	2.8032298548363936E-4	0.0	0.0	0.031235724580082707	0.0	0.0	0.048638053901805825	5.000764208359527	0.19134610579333197	41.788026856065315	2047.5001298623035	1.858557816912847	0.002787836725369268
1993-05-05 07:30	0.009252278215062023	1.8382490831952213E-4	0.0	0.0	0.024449645879879182	0.0	0.0	0.029625498196523003	5.001941132171381	0.16689645991345278	41.788030983864765	2047.5001309941645	1.8410256159287066	0.0027615384238930574
1993-05-06 07:30	0.009641928840504776	1.9156651409852414E-4	0.0	0.0	0.019797701009095326	0.0	0.0	0.019965876442842045	5.007740423664635	0.14709875890435745	41.788035064089534	2047.5001321280365	1.823645292850088	0.0027354679392751296
1993-05-07 07:30	0.006363572487253819	1.2643190162069993E-4	0.0	0.0	0.017035646586245005	0.0	0.0	0.050551222811549154	4.983507084260502	0.13006311231811243	41.788039083777974	2047.5001332638967	1.8064601309796635	0.0027096901964694933
1993-05-08 07:30	0.007979929429747228	1.5854579398958413E-4	0.0	0.0	0.015606117137201642	0.0	0.0	0.030737888274231805	4.9760245435405235	0.11445699518091079	41.788043057994486	2047.500134401715	1.7894200145521613	0.00268413002182824
1993-05-09 07:30	0.029988648343801952	5.958165550460405E-4	0.0	0.0	0.01480417300733599	0.0	0.0	0.025763596316678204	4.950447624943936	0.0996528221735748	41.78804703961376	2047.5001355414695	1.772348768956324	0.002658523153434484
1993-05-10 07:30	0.01905062903752926	3.784992252559027E-4	0.0	0.0	0.013452125454017479	0.0	0.0	0.06483089897372736	4.895526980914587	0.08620069671955732	41.78805094517282	2047.5001366831634	1.7555245921030358	0.002633286888154552
1993-05-11 07:30	0.012380912230449518	2.459848269553118E-4	0.0	0.0	0.012189295386887102	0.0	0.0	0.039130937445271005	4.871795020473774	0.07401140133267023	41.78805478503023	2047.5001378267598	1.7389130797277985	0.0026083696195916962
1993-05-12 07:30	0.00817139743837205	1.6234989372734192E-4	0.0	0.0	0.010864847542162171	0.0	0.0	0.01814252502272502	4.871987475895598	0.06314655379050806	41.78805856572805	2047.500138972226	1.7224925323334364	0.002583738798500153
1993-05-13 07:30	0.00540105632311141	1.0730856339882282E-4	0.0	0.0	0.009463155758749975	0.0	0.0	0.045696768957499675	4.846027382386847	0.05368339803175808	41.78806229133254	2047.5001401195336	1.7062494924297302	0.0025593742386445938
1993-05-14 07:30	0.0035996246014051124	7.15175924196477E-5	0.0	0.0	0.00805942012510038	0.0	0.0	0.027780445331337385	4.838401272733595	0.0456239779066577	41.7880659643866	2047.5001412686552	1.690175573697878	0.0025352633605468153
1993-05-15 07:30	0.0024078791617339807	4.7839910977781776E-5	0.0	0.0	0.006787351549427505	0.0	0.0	0.02437807356050293	4.834109260661251	0.038836626357230196	41.78806958675586	2047.500142419565	1.6742646432923818	0.002511396964938571
1993-05-16 07:30	0.001602091785857953	3.183047124278714E-5	0.0	0.0	0.005467986221803248	0.0	0.0	0.059232708033583686	4.794452985248559	0.033368640135426945	41.788073158860946	2047.5001435722384	1.6585153819688787	0.002487773072953316
1993-05-17 07:30	0.0010727642285164203	2.131375444746847E-5	0.0	0.0	0.004606185965991843	0.0	0.0	0.034606448558940926	4.77909448811723	0.0287624541694351	41.78807668289521	2047.5001447266504	1.6429205606900674	0.002464380841035099
1993-05-18 07:30	7.222449690394232E-4	1.4349613374333458E-5	0.0	0.0	0.00416257350394933	0.0	0.0	0.012766510116655283	4.7854902654917755	0.02459988066548577	41.78808016141179	2047.5001458827778	1.6274717475709763	0.0024412076213564623
1993-05-19 07:30	4.8453509865655723E-4	9.626777104814416E-6	0.0	0.0	0.003728381355937681	0.0	0.0	0.03239675267490064	4.7720659662187845	0.02087149930954809	41.7880835952669	2047.500147040598	1.6121661630132946	0.00241824924451994
1993-05-20 07:30	0.07178186193210621	0.001426167034968	0.0	0.0	0.003635809927554158	0.0	0.0	0.01997332059369508	4.698812056180555	0.01723568938199393	41.78808714425618	2047.5001482000894	1.5964712278163828	0.002394706841724572
1993-05-21 07:30	0.12021179048229579	0.14902166873608463	0.0	0.0	0.0029524641405590506	0.0	0.0	0.007183445412537027	4.443320011036282	0.01428322524143488	41.78809112676985	2047.500149361308	1.5793254533022236	0.002368988179953333
1993-05-22 07:30	0.11459732373377933	0.05528300839892371	0.0	0.0	0.002413680096566103	0.0	0.0	0.01692983998377013	4.2761384084633915	0.011869545144868779	41.78809483768934	2047.5001505244666	1.5630785266507328	0.0023446177899760965
1993-05-23 07:30	0.11108728442932551	0.007426367065224859	0.0	0.0	0.0020039485466488037	0.0	0.0	0.009530524836048848	4.166755552497339	0.009865596598219974	41.78809834048822	2047.5001516894317	1.5475193129723745	0.002321278969458559
1993-05-24 07:30	0.0670770071062493	0.0013326906514312545	0.0	0.0	0.0016786004810292916	0.0	0.0	0.022888240531994324	4.093456796060976	0.008186996117190683	41.78810170173191	2047.5001528561017	1.5324262675005795	0.0022986394012508666
1993-05-25 07:30	0.039296848947012436	7.807525332702338E-4	0.0	0.0	0.001399207840790698	0.0	0.0	0.055358731944005354	4.015536711789089	0.006787788276399985	41.78810496130828	2047.500154024407	1.5176666619866879	0.0022764999929800293
1993-05-26 07:30	0.10341793706617121	0.029618450009469343	0.0	0.0	0.0012069573916691269	0.0	0.0	0.03222534038733366	3.868456486402666	0.005580830884730858	41.78810841001576	2047.5001551942978	1.502271334402458	0.002253407001603685
1993-05-27 07:30	0.10003465349823944	0.008818163086362992	0.0	0.0	0.001003427223562271	0.0	0.0	0.026117941272478344	3.751185507899736	0.004577403661168588	41.78811173531744	2047.5001563658668	1.4872817655581794	0.002230922648337267
1993-05-28 07:30	0.07586672242254057	0.001507325327844421	0.0	0.0	8.207963660045319E-4	0.0	0.0	0.06348462411979186	3.6275976342219693	0.003756607295164056	41.78811494849065	2047.5001575390534	1.4726605660514214	0.00220899084907713
1993-05-29 07:30	0.043205075662029434	8.584014539879828E-4	0.0	0.0	6.614698826282879E-4	0.0	0.0	0.03706807270365855	3.5633222635032404	0.003095137412535768	41.78811804962008	2047.5001587138026	1.4584076367188352	0.0021876114550782506
1993-05-30 07:30	0.06584879533785168	0.0013082884544291038	0.0	0.0	5.476605667612486E-4	0.0	0.0	0.029956955547412154	3.4831504052891504	0.0025474768457745198	41.788121160147206	2047.5001598900599	1.4441183557088964	0.0021661775335633424
1993-05-31 07:30	0.04353754735019438	8.650070246566495E-4	0.0	0.0	4.496902278671729E-4	0.0	0.0	0.07285988153763709	3.382555838525636	0.0020977866179073467	41.788124181545875	2047.5001610678294	1.4301211282415869	0.0021451816923623783
1993-06-01 07:30	0.0262140618297121	5.208228071529957E-4	0.0	0.0	3.5808744548553745E-4	0.0	0.0	0.04255069213076882	3.3296793720109257	0.0017396991724218094	41.78812711795596	2047.5001622470677	1.4164023003489825	0.002124603450523472
1993-06-02 07:30	0.03709878824214788	7.3708131001468E-4	0.0	0.0	3.062502931048778E-4	0.0	0.0	0.03318559306407871	3.2751331587736443	0.0014334488793169317	41.78813004345878	2047.500163427733	1.4027150731786269	0.0021040726097679386
1993-06-03 07:30	0.08286466771765993	0.034720381839676684	0.0	0.0	2.5441181279061304E-4	0.0	0.0	0.08044019689527276	3.094504381965024	0.0011790370665263187	41.788133172625884	2047.50016460982	1.3883442261010182	0.002082516339151526
1993-06-04 07:30	0.07948449871830283	0.002321972952286117	0.0	0.0	2.0862365475081673E-4	0.0	0.0	0.046734950340633304	2.9827742367232366	9.70413411775502E-4	41.78813612187364	2047.5001657934286	1.374568038620837	0.0020618520579312543
1993-06-05 07:30	0.04447393667971173	8.83611273107554E-4	0.0	0.0	1.743335090969069E-4	0.0	0.0	0.027508094987127446	2.926373199776477	7.960799026785951E-4	41.788138951729685	2047.5001669784704	1.361185045879241	0.00204177756881886
1993-06-06 07:30	0.05712185613505787	0.001134901018213443	0.0	0.0	1.4798608448152184E-4	0.0	0.0	0.06807196070197225	2.816629196425767	6.480938181970732E-4	41.78814177690363	2047.5001681648869	1.3478130775281572	0.002021719616292234
1993-06-07 07:30	0.03257402852967482	6.471830687405279E-4	0.0	0.0	1.2423698932058006E-4	0.0	0.0	0.04055576069895527	2.759171286486422	5.238568288764931E-4	41.78814450287394	2047.5001693526758	1.3347672130622499	0.0020021508195933735
1993-06-08 07:30	0.019904229998003675	3.9545862862157575E-4	0.0	0.0	9.838643938235482E-5	0.0	0.0	0.01899382427635146	2.736018185070283	4.254703894941383E-4	41.788147153104276	2047.5001705417887	1.3219694023427415	0.001982954103514111
1993-06-09 07:30	0.012465352246426474	2.476624870769231E-4	0.0	0.0	7.99090863770661E-5	0.0	0.0	0.04772532936784211	2.69160575417221	3.4556130311707217E-4	41.788149742510164	2047.5001717321884	1.309370050721451	0.001964055076082175
1993-06-10 07:30	0.027900156327505924	5.543222501302325E-4	0.0	0.0	7.050786503868151E-5	0.0	0.0	0.028872629402520507	2.6505138596848306	2.7505343807839066E-4	41.78815234601529	2047.500172923845	1.2967195119478572	0.0019450792679217843
1993-06-11 07:30	0.06840247886601489	0.012239143415064537	0.0	0.0	5.821289956604031E-5	0.0	0.0	0.024677874815398265	2.5621063801056634	2.1684053851235034E-4	41.788155071848855	2047.5001741167653	1.283656999026051	0.001925485498539075
1993-06-12 07:30	0.05621424769417722	0.0011168685904635615	0.0	0.0	4.47801578567857E-5	0.0	0.0	0.060631844582318205	2.460707516205674	1.7206038065556463E-4	41.788157679928666	2047.5001753110093	1.2709825862132207	0.0019064738793198297
1993-06-13 07:30	0.03974073491034491	7.895716905218045E-4	0.0	0.0	3.4722807018214954E-5	0.0	0.0	0.0358928991528397	2.400665227083036	1.373375736373497E-4	41.78816020977815	2047.5001765065194	1.2585647210899107	0.0018878470816348647
1993-06-14 07:30	0.04070938897965089	8.088169770711899E-4	0.0	0.0	2.7279009986382612E-5	0.0	0.0	0.029380281652469465	2.3461599560151045	1.1005856365096708E-4	41.7881627064905	2047.5001777032571	1.2462532208245023	0.0018693798312367522
1993-06-15 07:30	0.031737314315841814	6.305591724338748E-4	0.0	0.0	2.1508032577936982E-5	0.0	0.0	0.0711346890191397	2.2589453295989523	8.85505310730301E-5	41.78816514365582	2047.5001789012063	1.2341361726251767	0.0018512042589377638
1993-06-16 07:30	0.05253478974269073	0.0010437648634813298	0.0	0.0	1.6728314569490258E-5	0.0	0.0	0.041268158861444096	2.1806496681753917	7.182221650353985E-5	41.78816760361254	2047.5001801003377	1.2219392122642745	0.0018329088183964104
1993-06-17 07:30	0.030601697255354197	6.079966535409192E-4	0.0	0.0	1.3444582727394316E-5	0.0	0.0	0.04088465667102148	2.1248390288637964	5.837763377614553E-5	41.78816996838515	2047.5001813006625	1.2100555543611253	0.0018150833315416868
1993-06-18 07:30	0.017643075366268246	3.50533850830267E-4	0.0	0.0	1.0670231549398781E-5	0.0	0.0	0.09895797577643099	2.0239842496284344	4.770740222674675E-5	41.78817225741518	2047.500182502134	1.1984205492545135	0.0017976308238817692
1993-06-19 07:30	0.011312292054540466	2.2475340683382383E-4	0.0	0.0	8.760477452767019E-6	0.0	0.0	0.0573464840282619	1.9710916012392183	3.8946924773979734E-5	41.788174489448984	2047.5001837047153	1.1869718328540038	0.0017804577492810045
1993-06-20 07:30	0.007103421341436062	1.4113127021177322E-4	0.0	0.0	7.1262070517702315E-6	0.0	0.0	0.057610704293536624	1.9221480669595832	3.18207177222095E-5	41.788176671116204	2047.500184908378	1.1756873995025396	0.0017635310992538083
1993-06-21 07:30	0.004337575088359038	8.617924411834152E-5	0.0	0.0	5.712412498870066E-6	0.0	0.0	0.13903469578363872	1.79454640427304	2.6108305223339436E-5	41.788178808285444	2047.500186113098	1.1645477694790138	0.0017468216542185196
1993-06-22 07:30	0.0027581672486266754	5.479945909790267E-5	0.0	0.0	4.656189340496908E-6	0.0	0.0	0.0802209486987018	1.727333644101454	2.1452115882842527E-5	41.78818090556077	2047.5001873188528	1.1535376686184589	0.001730306502927687
1993-06-23 07:30	0.011929362868835088	2.370134127726531E-4	0.0	0.0	4.0223164856133535E-6	0.0	0.0	0.031480574665566835	1.6997214098198072	1.7429799397229173E-5	41.7881830149268	2047.5001885256233	1.1424838800641595	0.0017137258200962378
1993-06-24 07:30	0.007612649245855866	1.5124864570220377E-4	0.0	0.0	3.1502103474032113E-6	0.0	0.0	0.07720200777054499	1.6306980530734752	1.4279589049825962E-5	41.788185072815516	2047.5001897334155	1.1315982774753943	0.00169739741621309
1993-06-25 07:30	0.005714291694977496	1.13531945594786E-4	0.0	0.0	2.4794739399139093E-6	0.0	0.0	0.0464098638778826	1.5943549564320996	1.1800115109912052E-5	41.788187089021555	2047.5001909422037	1.1208482961914712	0.0016812724442872055
1993-06-26 07:30	0.0070423869628706125	1.3991863492526964E-4	0.0	0.0	2.0135578056281522E-6	0.0	0.0	0.04071370734763696	1.5623862646928595	9.7865573042839E-6	41.78818908031194	2047.500192151968	1.1101781142571991	0.0016652671713857975
1993-06-27 07:30	0.010984582937384984	2.1824245925785175E-4	0.0	0.0	1.7175118022045725E-6	0.0	0.0	0.09938226746075786	1.467840079500025	8.069045502079328E-6	41.78819106246454	2047.5001933626957	1.0995351794654709	0.001649302769198205
1993-06-28 07:30	0.006775190439888366	1.3460995578713615E-4	0.0	0.0	1.3719125501674446E-6	0.0	0.0	0.05813405031770248	1.418732374094057	6.697132951911884E-6	41.788192992877775	2047.5001945743827	1.0890615120964928	0.0016335922681447379
1993-06-29 07:30	0.004312070075892847	8.567250875335288E-5	0.0	0.0	1.1159246980005902E-6	0.0	0.0	0.03814484050758159	1.3920582060055255	5.581208253911294E-6	41.78819487927196	2047.5001957870036	1.0787314622549244	0.0016180971933823854
1993-06-30 07:30	0.0026721606707201793	5.3090674414709755E-5	0.0	0.0	9.261896200411052E-7	0.0	0.0	0.09234491949025707	1.3128128279989242	4.655018633870189E-6	41.788196726979216	2047.5001970005364	1.0685273281550443	0.001602790992232565
1993-07-01 07:30	0.0017173957389181624	3.412133821711422E-5	0.0	0.0	7.736328380271073E-7	0.0	0.0	0.05351117231706902	1.2733464063738287	3.881385795843082E-6	41.78819853942087	2047.5001982149627	1.0584377686004833	0.0015876566529007237
1993-07-02 07:30	0.0011188243487755339	2.2228880126464386E-5	0.0	0.0	6.535710139647964E-7	0.0	0.0	0.04164476363541168	1.2463326550952933	3.227814781878285E-6	41.78820031785568	2047.5001994302647	1.0484586453154299	0.0015726879679731434
1993-07-03 07:30	5.732286966375246E-4	1.1388947690091243E-5	0.0	0.0	5.59402024432202E-7	0.0	0.0	0.10113550498369349	1.160341240078903	2.6684127574460833E-6	41.7882020590919	2047.5002006464263	1.0386006531051664	0.001557900979657748
1993-07-04 07:30	1.866277532067437E-4	3.7079332058194156E-6	0.0	0.0	4.781885516443548E-7	0.0	0.0	0.05885667216004312	1.117003039032094	2.1902242058017284E-6	41.788203768009424	2047.5002018634289	1.02884758638919	0.0015432713795837836
1993-07-05 07:30	0.027893404427244275	0.03679927278947671	0.0	0.0	4.378474388004443E-7	0.0	0.0	0.04038604201762132	1.0299800423148189	1.7523767670012842E-6	41.78820588170066	2047.5002030812566	1.0177425233095752	0.0015266137849643613
1993-07-06 07:30	0.024428414655685946	0.012772241895147148	0.0	0.0	3.4257286560791935E-7	0.0	0.0	0.0989831575708487	0.9110724524441185	1.4098039013933647E-6	41.78820781617261	2047.5002043001077	1.007231446106991	0.0015108471691604852
1993-07-07 07:30	0.022534514235139143	0.0020416280291797573	0.0	0.0	2.7382400858560595E-7	0.0	0.0	0.05820924654935029	0.8449927414004457	1.1359798928077587E-6	41.78820961411201	2047.5002055198947	0.9971723583537668	0.0014957585375306491
1993-07-08 07:30	0.013597388281725483	2.70153857911889E-4	0.0	0.0	2.183757624798189E-7	0.0	0.0	0.053789434304789455	0.7936873327064539	9.176041303279398E-7	41.78821131774696	2047.5002067405505	0.987424722787794	0.00148113708418169
1993-07-09 07:30	0.006813343929127052	1.3536799197004658E-4	0.0	0.0	1.7583434865651573E-7	0.0	0.0	0.1301981993845602	0.6726453119083127	7.417697816714241E-7	41.78821294831621	2047.5002079620288	0.9779178976619822	0.0014668768464929723
1993-07-10 07:30	0.008644765823472279	1.7175480978906963E-4	0.0	0.0	1.4648135393865924E-7	0.0	0.0	0.07543047482412049	0.6046709909883742	5.952884277327648E-7	41.78821458009143	2047.500209184294	0.9684044300858081	0.001452606645128711
1993-07-11 07:30	0.010879638162136843	2.1615740915017145E-4	0.0	0.0	1.158899717955614E-7	0.0	0.0	0.05115804183367404	0.5588347428751753	4.793984559372034E-7	41.78821620850839	2047.5002104073462	0.9588995322153733	0.0014383492983230588
1993-07-12 07:30	0.007020868564312087	1.3949110588320465E-4	0.0	0.0	9.196539768543889E-8	0.0	0.0	0.12404166904647512	0.44394553704451134	3.8743305825176455E-7	41.78821779015783	2047.5002116311844	0.9495479070776984	0.0014243218606165467
1993-07-13 07:30	0.004373018277083239	8.688343186176362E-5	0.0	0.0	7.241699827536374E-8	0.0	0.0	0.07199137326061107	0.3836680521442392	3.150160599764008E-7	41.78821932002794	2047.5002128557853	0.9403663371583614	0.0014105495057375411
1993-07-14 07:30	0.003361280822465248	6.678216161074445E-5	0.0	0.0	5.728558250934725E-8	0.0	0.0	0.05264314332044033	0.34371461684916144	2.5773047746705355E-7	41.7882208130988	2047.5002140811237	0.9313049734160136	0.0013969574601240195
1993-07-15 07:30	0.003699796400015797	7.350781269489127E-5	0.0	0.0	4.8736467628607556E-8	0.0	0.0	0.1269490970389299	0.22931180042355492	2.08994009838446E-7	41.78822231298467	2047.5002153071812	0.9222184951634927	0.0013833277427452383
1993-07-16 07:30	0.004472117981244331	0.0017238608915983674	0.0	0.0	4.059927595720831E-8	0.0	0.0	0.07314658272537729	0.167077159951366	1.6839473388123768E-7	41.78822391596675	2047.5002165339615	0.9127859539321649	0.0013691789308982465
1993-07-17 07:30	0.0032436738536258084	6.444553815843055E-5	0.0	0.0	3.3753169836993524E-8	0.0	0.0	0.05614756845509738	0.12421009119853277	1.3464156404424416E-7	41.78822540423434	2047.500217761515	0.9037332170463502	0.0013555998255695245
1993-07-18 07:30	8.398309811631475E-5	1.6685820457159158E-6	0.0	0.0	2.7566460042872977E-8	0.0	0.0	0.13624339214719877	0.0043073989896372225	1.0707510400137118E-7	41.788226838566096	2047.5002189897855	0.8948578763205931	0.0013422868144808888
1993-07-19 07:30	0.0	0.0	0.0	0.0	2.2189857340345928E-8	0.0	0.0	0.020603341716170034	0.0	400.00000008488524	41.788226019632745	2047.5002202187466	0.8934911175027688	0.0013402366762541524
1993-07-20 07:30	1.0156751726524607	0.020179505107326887	0.0	0.0	82.61110121323713	0.0	0.0	0.038213291952809265	81.55324549269888	317.3888988716481	41.788224791200385	2047.500221447294	0.8934907339336172	0.001340236100900425
1993-07-21 07:30	1.0979706174741557	0.021814556739781603	0.0	0.0	63.3612876685785	0.0	0.0	0.09390845826018744	143.7168996220214	254.02761120306963	41.788226137020786	2047.5002226752272	0.8849115552007719	0.0013273673328011572
1993-07-22 07:30	1.9020811706440603	0.037790681244402026	0.0	0.0	51.49253495602763	0.0	0.0	0.05537187631309045	193.23032742894074	202.53507624704199	41.78822746963662	2047.5002239038076	0.8763742344697334	0.0013145613517045994
1993-07-23 07:30	2.0500375237248702	0.04073028837771264	0.0	0.0	40.38418481194201	0.0	0.0	0.08427436916557093	231.45557099963617	162.15089143509996	41.78822877131558	2047.5002251330286	0.8679379009751339	0.0013019068514627
1993-07-24 07:30	1.461482591761756	0.02903683797616774	0.0	0.0	32.43360816511127	0.0	0.0	0.20187710088401933	262.21276968143803	129.71728326998868	41.78823003029012	2047.5002263628753	0.8596418304511267	0.0012894627456766893
1993-07-25 07:30	4.027140966651911	0.080011517355741	0.0	0.0	27.255562975103544	0.0	0.0	0.11556507322649136	285.26189230687345	102.46172029488514	41.78823130962547	2047.5002275933266	0.8512758752369097	0.001276913812855364
1993-07-26 07:30	6.340573928194981	0.1259749646466702	0.0	0.0	21.236891150160613	0.0	0.0	0.04064250501030568	300.0080633943674	81.22482914472452	41.78823259357755	2047.5002288243925	0.8428924823886382	0.0012643387235829568
1993-07-27 07:30	7.804693849535502	0.15506420127069043	0.0	0.0	16.6697632543424	0.0	0.0	0.10060777825024404	308.63403342615493	64.55506589038212	41.7882338674707	2047.500230056075	0.8345405631739359	0.0012518108447609033
1993-07-28 07:30	5.713654640524533	0.11351928855252152	0.0	0.0	13.495212651731205	0.0	0.0	0.05984471965454961	316.2586179390461	51.059853238650916	41.78823508868175	2047.5002312883696	0.8263622113444679	0.0012395433170167012
1993-07-29 07:30	3.4513218479950853	0.06857110298045738	0.0	0.0	10.75221862075916	0.0	0.0	0.04469011931785799	323.46242351843273	40.30763461789176	41.7882362525963	2047.5002325212502	0.8183728942887236	0.0012275593414330847
1993-07-30 07:30	8.569119606800756	3.877484114341853	0.0	0.0	8.947061763738681	0.0	0.0	0.10827480418923988	319.87182373111744	31.360572854153077	41.788237546477596	2047.5002337546887	0.8099484947607863	0.0012149227421411788
1993-07-31 07:30	8.44182665440647	2.7676338743407913	0.0	0.0	6.995156912948389	0.0	0.0	0.06281675094704713	315.6117655293566	24.365415941204688	41.7882387912448	2047.5002349887488	0.8016857366452929	0.0012025286049679386
1993-08-01 07:30	7.640753660642826	0.15180702617364014	0.0	0.0	5.42342544671693	0.0	0.0	0.07865913310979972	313.180539769745	18.941990494487758	41.7882399391678	2047.5002362234068	0.793743800554549	0.0011906157008318228
1993-08-02 07:30	4.306460622019514	0.08556105973290412	0.0	0.0	4.281016410982468	0.0	0.0	0.18931951593898116	312.89646262195424	14.660974083505291	41.78824101725146	2047.5002374586147	0.7860328284962703	0.0011790492427444048
1993-08-03 07:30	3.296806272525034	0.06550117675963955	0.0	0.0	3.37364268212394	0.0	0.0	0.109133164732073	312.81485194804185	11.287331401381351	41.78824206384553	2047.5002386943386	0.7784251020407433	0.0011676376530611143
1993-08-04 07:30	2.052721308607232	0.04078361000277427	0.0	0.0	2.6084030767548922	0.0	0.0	0.0797549058891454	313.2660522433518	8.678928324626458	41.78824306967966	2047.5002399305629	0.7709515738049293	0.0011564273607073932
1993-08-05 07:30	5.221823156381327	0.10374754635241162	0.0	0.0	2.122887668006926	0.0	0.0	0.19145215798027168	309.8883146222376	6.5560406566195315	41.78824410061156	2047.5002411672676	0.7633927846901107	0.0011450891770351656
1993-08-06 07:30	3.0790733246957465	0.0611752433795018	0.0	0.0	1.559276148493972	0.0	0.0	0.10996627015073697	308.21352942133996	4.99676450812556	41.78824507540607	2047.5002424044653	0.7560194775473582	0.0011340292163210368
1993-08-07 07:30	1.7678005527050045	0.03512278456987791	0.0	0.0	1.135407042720124	0.0	0.0	0.05648604231185428	307.5055441445217	3.861357465405436	41.78824600988044	2047.5002436421282	0.7487790199525105	0.0011231685299287653
1993-08-08 07:30	1.5587742792432069	0.030969836002795875	0.0	0.0	0.877803995200174	0.0	0.0	0.1362487398512794	306.67335485411036	2.983553470205262	41.78824692076844	2047.5002448802366	0.7416156985590533	0.0011124235478385794
1993-08-09 07:30	3.886616294986634	0.07721956338666902	0.0	0.0	0.7147249489087134	0.0	0.0	0.07868595328453863	303.3618272392242	2.2688285212965487	41.788247846550384	2047.500246118779	0.7344012841483154	0.0011016019262224726
1993-08-10 07:30	7.865481051237576	1.307730370230424	0.0	0.0	0.5338426332032276	0.0	0.0	0.08054804178459879	294.6587670249005	1.734985888093321	41.78824882822642	2047.5002473577626	0.7269990852935404	0.00109049862794031
1993-08-11 07:30	5.6174590573970535	0.11160806800357985	0.0	0.0	0.39895413114307765	0.0	0.0	0.19325178613221133	289.1518320056537	1.3360317569502436	41.78824973139636	2047.500248597215	0.719857011313502	0.0010797855169702526
1993-08-12 07:30	3.7350263563976993	0.07420776392327749	0.0	0.0	0.3140021960943634	0.0	0.0	0.11083692414326753	285.5620346058724	1.0220295608558803	41.78825059265476	2047.5002498370975	0.7128532086045092	0.0010692798129067634
1993-08-13 07:30	2.264339089007162	0.04498804681029165	0.0	0.0	0.2338820816086641	0.0	0.0	0.06279509104000652	283.43989664006966	0.7881474792472162	41.78825141142578	2047.5002510773895	0.7059896650951858	0.0010589844976427783
1993-08-14 07:30	1.417942888449113	0.02817178811669892	0.0	0.0	0.1782062665051485	0.0	0.0	0.1537476827630179	282.03419683994497	0.6099412127420677	41.78825219151709	2047.5002523180704	0.6992537580031978	0.0010488806370047964
1993-08-15 07:30	0.7277783872931479	0.014459551713793312	0.0	0.0	0.1437882793938215	0.0	0.0	0.09021056316449534	281.3614550699462	0.4661529333482462	41.78825294722132	2047.5002535591211	0.6925979083383703	0.0010388968625075553
1993-08-16 07:30	0.47789250143076195	0.009494801520244605	0.0	0.0	0.11237067659917874	0.0	0.0	0.07103609720329129	280.9312758431166	0.3537822567490675	41.78825367798549	2047.5002548005298	0.6860239993063151	0.0010290359989594724
1993-08-17 07:30	0.22363950002464625	0.00444328517075173	0.0	0.0	0.0840073990932059	0.0	0.0	0.1685782737672919	280.63441551079853	0.2697748576558616	41.78825437982799	2047.500256042284	0.6795453436075951	0.0010193180154113924
1993-08-18 07:30	0.07518150140274925	0.0014937113088737532	0.0	0.0	0.06279842350643618	0.0	0.0	0.09588089253663415	280.540404404637	0.20697643414942546	41.78825505729384	2047.5002572843698	0.6731468384637275	0.001009720257695591
1993-08-19 07:30	0.02542100174551187	5.050662341359141E-4	0.0	0.0	0.04831817913649598	0.0	0.0	0.06140242433075357	280.5171187724013	0.1586582550129295	41.78825571373072	2047.500258526775	0.6668173647595586	0.0010002260471393375
1993-08-20 07:30	0.008565652080529548	1.7018297243126225E-4	0.0	0.0	0.03707838472082124	0.0	0.0	0.1434564077156978	280.41768423510854	0.12157987029210825	41.788256346586415	2047.5002597694895	0.6605654642449034	9.908481963673548E-4
1993-08-21 07:30	0.0028965567548157657	5.75489914505053E-5	0.0	0.0	0.029196955404297547	0.0	0.0	0.08022068972699035	280.379383405449	0.0923829148878107	41.788256961294124	2047.5002610125016	0.6543730647637105	9.815595971455655E-4
1993-08-22 07:30	5.855548187015607	0.1163384394220221	0.0	0.0	0.02539206549625655	0.0	0.0	0.0809309536610172	274.36852842542595	0.06699084939155414	41.788257663196376	2047.5002622558025	0.6478890542238215	9.71833581335732E-4
1993-08-23 07:30	3.336330655088936	0.06628644994666578	0.0	0.0	0.017676157031795304	0.0	0.0	0.1954319890302121	270.8044357786961	0.04931469235975884	41.78825831176743	2047.5002634994348	0.6415817093346319	9.623725640019475E-4
1993-08-24 07:30	1.9759757041694215	0.03925882298580579	0.0	0.0	0.01211953698121658	0.0	0.0	0.11308346496968791	268.70431776068693	0.03719515537854226	41.78825891861832	2047.5002647433726	0.6354124138006584	9.531186207009873E-4
1993-08-25 07:30	1.1296584496773339	0.02244413279815293	0.0	0.0	0.008571950140907366	0.0	0.0	0.10854106921301854	267.46818115539486	0.028623205237634897	41.78825949082832	2047.5002659875952	0.629357638187694	9.440364572815407E-4
1993-08-26 07:30	0.562004881141102	0.01116595214167957	0.0	0.0	0.006222345274345954	0.0	0.0	0.26077668268192916	266.6562429156184	0.022400859963288944	41.78826002874115	2047.500267232086	0.6234162932990712	9.351244399486067E-4
1993-08-27 07:30	0.18670996737665532	0.0037095666426762933	0.0	0.0	0.0046662329255205744	0.0	0.0	0.14972248200859212	266.33650104991176	0.017734627037768368	41.788260543654935	2047.5002684768276	0.6175507748116646	9.263261622174968E-4
1993-08-28 07:30	0.06312262350240135	0.001254124682429781	0.0	0.0	0.0035977855300305737	0.0	0.0	0.05092142982741844	266.2405228662614	0.014136841507737793	41.788261040483	2047.5002697218092	0.6117447425098131	9.176171137647196E-4
1993-08-29 07:30	0.02128877806456527	4.2296692608990375E-4	0.0	0.0	0.002751260301383854	0.0	0.0	0.1237495973491403	266.1134799479508	0.01138558120635394	41.78826151467031	2047.5002709670218	0.6060134094353303	9.090201141529953E-4
1993-08-30 07:30	2.981348779660843	0.05923364530883812	0.0	0.0	0.002393562073282414	0.0	0.0	0.07202577316543267	263.0194533587182	0.008992019133071526	41.788262029165146	2047.5002722124543	0.6001469849076415	9.002204773614621E-4
1993-08-31 07:30	3.0143983790517277	0.0598902770525892	0.0	0.0	0.001855011545031768	0.0	0.0	0.05298910280793216	259.91022299074297	0.007137007588039758	41.7882625268574	2047.5002734581265	0.5943357701673561	8.915036552510339E-4
1993-09-01 07:30	2.1625084740574168	0.04296486905642942	0.0	0.0	0.0014315769846359784	0.0	0.0	0.1295395191858354	257.5927249988937	0.00570543060340378	41.78826299581331	2047.50027470403	0.5886195718728569	8.829293578092851E-4
1993-09-02 07:30	2.367672942077434	0.04704109100388525	0.0	0.0	0.001110847091103589	0.0	0.0	0.0759544988783477	255.11927484427127	0.004594583512300191	41.788263450625045	2047.500275950151	0.5829497963970306	8.744246945955457E-4
1993-09-03 07:30	6.33477411155617	0.1258597334855315	0.0	0.0	8.877387118505282E-4	0.0	0.0	0.04638225951439092	248.62970995980547	0.003706844800449663	41.788263936533504	2047.5002771964823	0.5771756638625936	8.657634957938902E-4
1993-09-04 07:30	5.721405914812421	0.11367329141021887	0.0	0.0	6.973777566213885E-4	0.0	0.0	0.11323625966204506	242.69860515015344	0.0030094670438282744	41.78826439986721	2047.5002784430392	0.5714760284025274	8.57214042603791E-4
1993-09-05 07:30	3.570137138105889	0.07093173344399228	0.0	0.0	5.494276947515984E-4	0.0	0.0	0.06619913349077655	239.0081618776818	0.0024600393490766762	41.78826482170992	2047.5002796898107	0.5659139809999855	8.488709714999781E-4
1993-09-06 07:30	2.133181934585965	0.04238220732659813	0.0	0.0	4.2213014773235445E-4	0.0	0.0	0.045414908758049606	236.80368544847343	0.002037909201344322	41.78826520734593	2047.5002809367763	0.5604719751842208	8.40707962776331E-4
1993-09-07 07:30	1.4001766640039375	0.027818807531387317	0.0	0.0	3.3487934822985034E-4	0.0	0.0	0.10782128851757784	235.28417194361606	0.0017030298531144716	41.78826556583882	2047.5002821839187	0.5551198581166125	8.326797871749186E-4
1993-09-08 07:30	2.388485403289683	0.047454594433561315	0.0	0.0	2.9616486719310613E-4	0.0	0.0	0.06123535572737335	232.8034160867601	0.0014068649859213655	41.78826592427415	2047.500283431224	0.5497673889572285	8.246510834358427E-4
1993-09-09 07:30	1.66389882172335	0.03305845773836854	0.0	0.0	2.511888426647788E-4	0.0	0.0	0.03625932105688451	231.08647377079672	0.0011556761432565867	41.788266257183444	2047.5002846786927	0.5444994627001408	8.167491940502112E-4
1993-09-10 07:30	1.4958686479127075	0.02972002253595848	0.0	0.0	2.1027767027476484E-4	0.0	0.0	0.08622881922927246	229.4908680277672	9.453984729818219E-4	41.78826657269202	2047.5002859263118	0.5392890366929823	8.089335550394734E-4
1993-09-11 07:30	3.476074378784073	0.06906288798704682	0.0	0.0	1.7873547187865872E-4	0.0	0.0	0.04916005160002079	225.91304255375132	7.666630011031631E-4	41.78826690132313	2047.500287174073	0.534034395145165	8.010515927177474E-4
1993-09-12 07:30	3.0458553400543913	0.06051526614586051	0.0	0.0	1.446198653398369E-4	0.0	0.0	0.037025383368097034	222.78603237352857	6.220431357633262E-4	41.78826720947736	2047.500288421983	0.5288475146663043	7.932712719994563E-4
1993-09-13 07:30	5.764734920332268	1.0194741942313479	0.0	0.0	1.1577500566285852E-4	0.0	0.0	0.08727851549872516	215.9314793176738	5.062681301004677E-4	41.78826755718866	2047.5002896700314	0.5235283155841994	7.85292473376299E-4
1993-09-14 07:30	4.6682249831419105	0.09274861926914203	0.0	0.0	9.412925803797977E-5	0.0	0.0	0.04923113710667828	211.13784301670722	4.121388720624879E-4	41.78826785634136	2047.5002909182376	0.5183704521732672	7.775556782599006E-4
1993-09-15 07:30	3.58664295753579	0.07125967221462942	0.0	0.0	7.675187816361549E-5	0.0	0.0	0.026672140125195098	207.46969045525623	3.353869938988724E-4	41.78826812813748	2047.500292166578	0.5133033303709219	7.699549955563827E-4
1993-09-16 07:30	3.2443562990244845	0.06445909703116749	0.0	0.0	6.172362316219443E-5	0.0	0.0	0.0628067518993242	204.11443390195834	2.7366337073667796E-4	41.78826838112919	2047.500293415039	0.5082984875816542	7.62447731372481E-4
1993-09-17 07:30	2.3329435556017906	0.04635108513327864	0.0	0.0	4.78133389854307E-5	0.0	0.0	0.0354578399051451	201.7158943838934	2.2585003175124726E-4	41.78826860672457	2047.5002946636116	0.5033845943066283	7.550768914599421E-4
1993-09-18 07:30	1.4295136221201967	0.028401676259579664	0.0	0.0	3.573532575718329E-5	0.0	0.0	0.03009863929239587	200.2439228258679	1.9011470599406398E-4	41.78826880366071	2047.5002959122824	0.4985659049701915	7.47848857455287E-4
1993-09-19 07:30	0.9035113510342472	0.01795102648330865	0.0	0.0	2.8252651020661408E-5	0.0	0.0	0.07119790047445311	199.26717421667345	1.6186205497340257E-4	41.788268975657	2047.500297161037	0.49383006844250577	7.407451026637584E-4
1993-09-20 07:30	0.5137617542238311	0.010207454334277118	0.0	0.0	2.4542621796374118E-5	0.0	0.0	0.0403622101755187	198.71867593130892	1.3731943317702846E-4	41.78826912746119	2047.5002984098635	0.48916129958232435	7.337419493734863E-4
1993-09-21 07:30	0.49606934470995623	0.009855940309164367	0.0	0.0	2.325801312953478E-5	0.0	0.0	0.022779631615977337	198.20583299314578	1.1406142004749369E-4	41.788269268610534	2047.5002996587518	0.4845278405790704	7.267917608686054E-4
1993-09-22 07:30	0.3623465663183397	0.007199126829641702	0.0	0.0	2.097035201877285E-5	0.0	0.0	0.055190951676802984	197.79694057954023	9.309106802872083E-5	41.78826939519707	2047.5003009076968	0.4799427353451791	7.199141030177685E-4
1993-09-23 07:30	0.26135417551495294	0.005192602971530775	0.0	0.0	1.7815614297578108E-5	0.0	0.0	0.03214696814837535	197.51407399762547	7.527545373114272E-5	41.788269507523914	2047.5003021566913	0.47540499727995994	7.131074959199397E-4
1993-09-24 07:30	0.5423378133515591	0.010775205468342278	0.0	0.0	1.455115908123074E-5	0.0	0.0	0.030184439233753576	196.94666013236392	6.072429464991198E-5	41.78826961203311	2047.5003034057283	0.47089317622794485	7.063397643419171E-4
1993-09-25 07:30	0.42450563386960405	0.008434107515289137	0.0	0.0	1.1611612605535147E-5	0.0	0.0	0.07029698126680786	196.4592690153799	4.9112682044376834E-5	41.788269700701115	2047.5003046548043	0.4664340301060768	6.99651045159115E-4
1993-09-26 07:30	0.2505943559309364	0.004978826126240225	0.0	0.0	8.951897505133184E-6	0.0	0.0	0.0391496775588527	196.18033756648515	4.016078453924365E-5	41.788269772361794	2047.500305903911	0.462031471850339	6.930472077755082E-4
1993-09-27 07:30	0.1160173616089018	0.002305041025086193	0.0	0.0	6.934070636223162E-6	0.0	0.0	0.029453976492501817	196.04830903500834	3.322671390302049E-5	41.78826982809364	2047.5003071530405	0.4576819343120937	6.865229014681402E-4
1993-09-28 07:30	0.03903290091020562	7.755083952818038E-4	0.0	0.0	5.376549694629002E-6	0.0	0.0	0.06933669670987444	195.95484591041705	2.785016420839149E-5	41.78826986625003	2047.5003084021846	0.4533909322109676	6.800863983164511E-4
1993-09-29 07:30	0.013199027431637984	2.622391967826753E-4	0.0	0.0	4.191539606158423E-6	0.0	0.0	0.03914653664912327	195.91787872406528	2.3658624602233066E-5	41.78826988906659	2047.500309651335	0.44915104221806645	6.737265633270994E-4
1993-09-30 07:30	0.004465796906916032	8.872676414453692E-5	0.0	0.0	3.256167732696609E-6	0.0	0.0	0.03278945268207993	195.89613867093166	2.0402456869536457E-5	41.78826989711186	2047.5003109004842	0.4449603942183389	6.674405913275081E-4
1993-10-01 07:30	0.001500387755666788	2.9809808483729436E-5	0.0	0.0	2.7571426438513596E-6	0.0	0.0	0.07570072133251189	195.83444319476655	1.76453142256851E-5	41.78826988801236	2047.5003121496247	0.44082692396265943	6.612403859439889E-4
1993-10-02 07:30	2.6842507965747338	0.05333088187768541	0.0	0.0	2.7651719954070073E-6	0.0	0.0	0.04179227927244823	193.07128761930315	1.4880142230278092E-5	41.788269921429105	2047.5003133987484	0.4365517893928731	6.548276840893094E-4
1993-10-03 07:30	2.1782980194797847	0.04327857684517152	0.0	0.0	2.3118065289475796E-6	0.0	0.0	0.024205066528657993	190.84165601286506	1.2568335701330512E-5	41.788269937091606	2047.500314647876	0.43233582266848364	6.485037340027252E-4
1993-10-04 07:30	1.3264047692331542	0.026353102385305544	0.0	0.0	1.9105246824203013E-6	0.0	0.0	0.05582080940205147	189.449028767631	1.0657811018910212E-5	41.788269925172244	2047.5003158969987	0.4282118115606256	6.423177173409381E-4
1993-10-05 07:30	0.6878693834367843	0.01366663684412623	0.0	0.0	1.7286429166176796E-6	0.0	0.0	0.030946960088819506	188.73239331358624	8.929168102292532E-6	41.78826989350386	2047.500317146103	0.4241536916256989	6.36230537438548E-4
1993-10-06 07:30	0.40723393703797883	0.008090952239064577	0.0	0.0	1.5389826808586033E-6	0.0	0.0	0.023569839568860104	188.3093228126525	7.3901854214339286E-6	41.78826984857085	2047.5003183951794	0.42013988047091116	6.302098207063664E-4
1993-10-07 07:30	0.2552935690163781	0.005072190419285259	0.0	0.0	1.292716978019331E-6	0.0	0.0	0.05822363535578473	188.0064677489339	6.097468443414598E-6	41.78826978552277	2047.5003196442212	0.41618656788757036	6.242798518313552E-4
1993-10-08 07:30	1.2623404319629004	0.02508026766811298	0.0	0.0	1.1356624612932907E-6	0.0	0.0	0.03473202566095372	186.70031343231742	4.9618059821213065E-6	41.78826973109306	2047.5003208932196	0.4122046720522472	6.183070080783705E-4
1993-10-09 07:30	0.7586970331076127	0.015073845523393121	0.0	0.0	8.939478153940565E-7	0.0	0.0	0.020453908801229475	185.92199736221346	4.06785816672725E-6	41.78826965866116	2047.500322142179	0.4082829140556742	6.124243710835109E-4
1993-10-10 07:30	1.0642281191795793	0.02114415843232749	0.0	0.0	7.311719924594598E-7	0.0	0.0	0.05052148116781393	184.8020438893741	3.3366861742677905E-6	41.78826957741141	2047.5003233910902	0.40439070879231864	6.065860631884777E-4
1993-10-11 07:30	0.5854109363162834	0.011630985276945116	0.0	0.0	6.094826827201394E-7	0.0	0.0	0.03017003958099302	184.19069294043166	2.7272034915476512E-6	41.78826947934269	2047.5003246399492	0.40055474112802236	6.008321116920333E-4
1993-10-12 07:30	0.35316944063341676	0.0070167950570279684	0.0	0.0	5.203637482245227E-7	0.0	0.0	0.023501748659896064	183.82283418508302	2.2068397433231283E-6	41.78826936814365	2047.5003258887477	0.39676274298688796	5.951441144803316E-4
1993-10-13 07:30	0.27026174981230255	0.005369579278392583	0.0	0.0	4.2432243710284386E-7	0.0	0.0	0.05769138167562184	183.5052874662864	1.7825173062202844E-6	41.7882692424621	2047.5003271374792	0.3930192431668458	5.895288647502683E-4
1993-10-14 07:30	0.4061770368087109	0.008069953671659661	0.0	0.0	3.520348854295859E-7	0.0	0.0	0.03407563158224539	183.07280145752037	1.4304824207906986E-6	41.78826911054148	2047.5003283861365	0.3892967871210197	5.839451806815292E-4
1993-10-15 07:30	1.0122568863590684	0.02011159035704736	0.0	0.0	2.51305956587697E-7	0.0	0.0	0.03738168288016429	182.01899387416907	1.1791764642030014E-6	41.7882689755324	2047.5003296347168	0.3855848830560307	5.783773245840457E-4
1993-10-16 07:30	0.589238112859007	0.011707023887191777	0.0	0.0	1.6728730113270475E-7	0.0	0.0	0.08980191929475642	181.34401916666846	1.0118891630702967E-6	41.78826881821586	2047.5003308832183	0.38194759929489663	5.729213989423445E-4
1993-10-17 07:30	0.19318602479989744	0.0038382334028436932	0.0	0.0	1.1505836407298251E-7	0.0	0.0	0.05163077328262953	181.1110427070077	8.968307989973142E-7	41.788268644275306	2047.5003321316303	0.37836602752575516	5.675490412886323E-4
1993-10-18 07:30	0.06482089743052773	0.0012878661071775857	0.0	0.0	7.341388529427965E-8	0.0	0.0	0.02768503927223969	181.03287708791225	8.234169137030346E-7	41.78826845694176	2047.5003333799448	0.3748294247616473	5.622441371424706E-4
1993-10-19 07:30	0.02172729109860428	4.3167933360786076E-4	0.0	0.0	4.482787810373302E-8	0.0	0.0	0.06669768985578939	180.9595636775265	7.785890355993015E-7	41.78826825408783	2047.5003346281549	0.37134490415871385	5.570173562380703E-4
1993-10-20 07:30	0.18393913576604745	0.003654515567152035	0.0	0.0	3.092246181570572E-8	0.0	0.0	0.03836168010292333	180.74917859370203	7.476665737835958E-7	41.788268043430236	2047.500335876253	0.3678867687342683	5.51830153101402E-4
1993-10-21 07:30	0.06172301270112887	0.0012263171174985744	0.0	0.0	1.945843128456347E-8	0.0	0.0	0.015173381984407706	180.68660825972793	7.282081424990324E-7	41.788267822050955	2047.5003371242356	0.36446475794036465	5.466971369105466E-4
1993-10-22 07:30	0.4028411720387125	0.00800367647795044	0.0	0.0	9.47829244815522E-9	0.0	0.0	0.03659530599348127	180.25491900351471	7.187298500508772E-7	41.7882676042289	2047.500338372097	0.3610312929229422	5.415469393844129E-4
1993-10-23 07:30	3.6505188200736485	0.07252876230270494	0.0	0.0	1.171150384133323E-9	0.0	0.0	0.021113399035305878	176.5271283694255	7.175586996667439E-7	41.788267416953296	2047.5003396198395	0.3574964037491272	5.362446056236904E-4
1993-10-24 07:30	3.3104843336758525	0.06577293343173625	0.0	0.0	0.0	0.0	0.0	0.01708116040228661	173.15011823365433	7.175586996667439E-7	41.78826721670388	2047.5003408674775	0.3540051081140688	5.310076621711028E-4
1993-10-25 07:30	1.9096302422273685	0.03794066672467434	0.0	0.0	0.0	0.0	0.0	0.04146786910635662	171.17713712699364	7.175586996667439E-7	41.78826698914928	2047.500342115005	0.3506051984173708	5.259077976260559E-4
1993-10-26 07:30	1.068592244934155	0.021230865186932405	0.0	0.0	0.0	0.0	0.0	0.024077459812367256	170.07913397648005	7.175586996667439E-7	41.78826674184381	2047.5003433624086	0.3472715381981355	5.209073072972029E-4
1993-10-27 07:30	0.6108865023912607	0.01213713559898115	0.0	0.0	0.0	0.0	0.0	0.019175141125054383	169.45273400579202	7.175586996667439E-7	41.78826647902055	2047.5003446096785	0.34399004948686673	5.159850742302998E-4
1993-10-28 07:30	0.3412359625806873	0.006779699883494936	0.0	0.0	0.0	0.0	0.0	0.046188122625597496	169.0742341394166	7.175586996667439E-7	41.78826620118161	2047.5003458568071	0.34075908387934145	5.111386258190119E-4
1993-10-29 07:30	0.11374232197609103	0.0022598403791259467	0.0	0.0	0.0	0.0	0.0	0.026621631426561047	168.94727271211207	7.175586996667439E-7	41.78826591184871	2047.5003471037871	0.33756692682819894	5.063503902422981E-4
1993-10-30 07:30	0.03843967957102136	7.637222323764119E-4	0.0	0.0	0.0	0.0	0.0	0.014793217069771913	168.9089163164359	7.175586996667439E-7	41.78826561235998	2047.500348350613	0.33440913671312184	5.016137050696825E-4
1993-10-31 07:30	0.013010263410310668	2.5848882005297114E-4	0.0	0.0	0.0	0.0	0.0	0.0360458559812879	168.8752086204131	7.175586996667439E-7	41.78826530217188	2047.5003495972794	0.3312875418780771	4.969313128171154E-4
