# hru.par created 20-08-2004 Moxa													
ID	x	y	elevation	area	type	to_poly	to_reach	slope	aspect	flowlength	soilID	landuseID	hgeoID
0	0	0	0	0	0	0	0	0	0	0	0	0	0
9999	9999999	9999999	10000	9999999999	3	9999	9999	90	360	999999	9999	9999	9999
n/a	m	m	m	m2	n/a	n/a	n/a	deg	deg	m	n/a	n/a	n/a
1	4472465	5613431.5	535.991	1875	2	5	0	2.295	105	0	7	4	1
2	4472515	5613431.5	533.5	625	2	7	0	5.115	115	0	6	4	1
3	4472565	5613431.5	529.22	625	2	8	0	4.736	109	0	6	4	1
4	4472415	5613406.5	536.789	625	2	6	0	0.758	165	0	7	4	1
5	4472452.5	5613406.5	536.018	1250	2	6	0	3.032	136	0	7	4	1
6	4472365	5613297	530.23	49375	2	12	0	7.182	155	0	6	4	1
7	4472540	5613406.5	530.334	1875	2	6	0	5.626	123	0	6	4	1
8	4472590	5613406.5	526.463	625	2	12	0	4.019	130	0	6	4	1
9	4472315	5613358	537.67	3125	2	6	0	2.273	76	0	6	4	1
10	4472365	5613381.5	536.615	625	2	6	0	1.761	134	0	6	4	1
11	4472402.5	5613381.5	535.872	1250	2	6	0	3.712	158	0	6	4	1
12	4472465	5613217	515.737	103125	3	0	1	3.904	157	0	6	4	1
13	4472252.5	5613356.5	539.99	1250	2	15	0	1.476	85	0	2	4	1
14	4472152.5	5613309.5	539.909	8125	2	6	0	2.705	153	0	2	4	1
15	4472277.5	5613320.5	538.046	1875	2	6	0	4.127	139	0	6	4	1
16	4472677.5	5613136	512.962	21875	2	28	0	2.785	162	0	11	4	1
17	4472065	5613270.5	539.99	1250	2	18	0	1.124	65	0	2	4	1
18	4472090	5613256.5	538.716	625	2	6	0	3.598	129	0	6	4	1
19	4472027.5	5613208	540.155	1875	2	21	0	2.128	117	0	2	4	1
20	4472065	5613231.5	539.262	625	2	21	0	4.257	125	0	6	4	1
21	4472077.5	5613166	533.539	8750	2	25	0	6.535	131	0	6	4	1
22	4472015	5613181.5	539.811	625	2	24	0	3.478	143	0	2	4	1
23	4471927.5	5613069	536.644	10000	2	36	0	1.864	151	0	6	4	1
24	4472027.5	5613145.5	536.028	2500	2	21	0	6.57	135	0	6	4	1
25	4472115	5613087.5	524.597	14375	2	30	0	4.34	130	0	6	4	1
26	4472277.5	5613109.5	517.302	5000	2	12	0	5.608	135	0	6	4	1
27	4472015	5613048.5	531.362	5000	2	38	0	5.426	122	0	7	4	1
28	4472715	5613041	506.876	18750	2	40	0	2.057	199	0	12	4	1
29	4471965	5613070.5	535.318	1250	2	27	0	3.904	130	0	7	4	1
30	4472190	5613027	515.506	11875	2	39	0	5.519	126	0	6	4	1
31	4471940	5613056.5	535.768	625	2	37	0	2.858	138	0	7	4	1
32	4472427.5	5613034.5	506.661	3125	2	47	0	5.28	161	0	6	4	1
33	4472490	5613034.5	504.292	3750	2	48	0	5.412	155	0	14	4	1
34	4472615	5612998.5	504.458	4375	2	56	0	3	205	0	5	4	1
35	4472790	5613056.5	507.831	625	2	40	0	1.767	146	0	12	4	1
36	4471877.5	5612987.5	534.223	5625	2	37	0	4.145	142	0	7	4	1
37	4472090	5612955	519.665	23750	2	77	0	5.713	138	0	7	4	1
38	4472077.5	5613008	524.564	1875	2	37	0	4.802	124	0	7	4	1
39	4472240	5612939.5	510.348	13125	2	71	0	5.582	140	0	6	4	1
40	4472840	5612887.5	502.717	33750	2	82	0	2.372	168	0	5	4	1
41	4472115	5613006.5	521.807	625	2	39	0	4.669	135	0	6	4	1
42	4472565	5613006.5	502.491	625	2	49	0	3.353	214	0	5	4	1
43	4472577.5	5612984.5	502.064	2500	2	55	0	2.898	225	0	5	4	1
44	4472840	5613006.5	505.757	625	2	50	0	1.439	127	0	5	4	1
45	4471777.5	5612937.5	536.291	5625	2	58	0	1.583	113	0	6	4	1
46	4472315	5612970.5	505.652	1250	2	47	0	5.155	140	0	14	4	1
47	4472390	5612948.5	502.047	11250	3	0	1	4.331	152	0	14	4	1
48	4472502.5	5612872	494.589	9375	3	0	2	4.046	158	0	15	4	1
49	4472540	5612981.5	500.42	625	3	0	2	2.941	233	0	5	4	1
50	4472865	5612981.5	504.981	625	2	40	0	1.59	135	0	5	4	1
51	4471727.5	5612934.5	537.05	2500	2	45	0	0.701	69	0	6	7	1
52	4471915	5612934.5	528.812	5000	2	58	0	5.687	133	0	7	4	1
53	4472002.5	5612956.5	524.269	1250	2	58	0	4.805	140	0	7	4	1
54	4472390	5612881.5	497.058	12500	3	0	1	4.367	156	0	14	4	1
55	4472540	5612945.5	499.318	1250	2	48	0	3.943	219	0	5	4	1
56	4472615	5612956.5	502.401	1875	2	57	0	3.319	203	0	4	4	1
57	4472627.5	5612933	501.407	3125	2	67	0	3.904	190	0	13	4	1
58	4471840	5612564	525.466	109375	2	151	0	3.254	116	0	7	4	1
59	4472052.5	5612909.5	516.899	3125	2	77	0	5.432	136	0	14	4	1
60	4472115	5612931.5	515.969	625	2	64	0	5.714	132	0	7	4	1
61	4472590	5612908	498.814	2500	2	66	0	4.397	188	0	13	4	1
62	4471690	5612873.5	536.745	5625	2	58	0	1.141	128	0	6	7	1
63	4472065	5612780	511.879	15625	2	110	0	5.648	125	0	14	4	1
64	4472140	5612906.5	512.58	625	2	37	0	5.277	131	0	7	4	1
65	4472290	5612906.5	502.537	625	2	54	0	4.867	141	0	6	4	1
66	4472577.5	5612862.5	493.2	9375	2	101	0	6.391	189	0	5	4	1
67	4472640	5612906.5	499.734	625	2	66	0	4.68	203	0	13	4	1
68	4472665	5612906.5	500.516	625	2	66	0	4.532	214	0	5	4	1
69	4471952.5	5612755	518.432	11875	2	63	0	5.527	119	0	7	4	1
70	4472240	5612881.5	503.585	625	2	71	0	5.061	132	0	6	4	1
71	4472277.5	5612870.5	501.486	1875	2	79	0	4.319	133	0	6	4	1
72	4472665	5612881.5	498.607	625	2	80	0	5.152	224	0	7	4	1
73	4472690	5612859.5	499.388	1875	2	81	0	4	226	0	7	4	1
74	4471640	5612834.5	536.77	3125	2	88	0	1.025	85	0	6	7	1
75	4472077.5	5612833	512.031	1875	2	63	0	4.978	119	0	14	4	1
76	4472090	5612856.5	511.995	625	2	77	0	4.594	144	0	14	4	1
77	4472152.5	5612833	507.348	3750	2	63	0	5.85	136	0	14	4	1
78	4472240	5612856.5	502.427	625	2	79	0	4.546	135	0	7	4	1
79	4472290	5612834.5	498.733	5000	2	85	0	3.721	116	0	14	4	1
80	4472640	5612856.5	495.908	625	2	66	0	5.533	220	0	7	4	1
81	4472652.5	5612833	495.883	1875	2	90	0	5.445	232	0	7	4	1
82	4472865	5612798.5	498.372	16250	2	105	0	3.231	167	0	5	4	1
83	4471615	5612809.5	536.761	3125	2	107	0	1.02	135	0	6	7	1
84	4472227.5	5612820.5	501.36	2500	2	79	0	4.212	144	0	14	4	1
85	4472402.5	5612809.5	493.173	10000	3	0	1	2.77	100	0	15	4	1
86	4472540	5612820.5	487.912	1250	3	0	2	6.314	160	0	15	4	1
87	4472715	5612820.5	498.789	1250	2	91	0	2.634	219	0	7	4	1
88	4471690	5612795.5	535.235	1250	2	58	0	1.957	136	0	7	7	1
89	4471727.5	5612783	534.118	1875	2	58	0	3.005	135	0	7	4	1
90	4472640	5612752	489.981	8750	2	117	0	8.789	235	0	7	3	1
91	4472677.5	5612795.5	496.863	1875	2	90	0	3.344	223	0	7	3	1
92	4473015	5612773.5	496.088	5625	2	126	0	1.584	163	0	5	3	1
93	4471665	5612781.5	535.571	625	2	108	0	1.527	130	0	7	7	1
94	4472165	5612781.5	502.018	1875	2	95	0	3.857	113	0	14	4	1
95	4472240	5612781.5	499.512	1875	2	85	0	0.964	51	0	15	4	1
96	4472302.5	5612781.5	497.746	1250	2	85	0	3.648	55	0	6	4	1
97	4472390	5612759.5	496.242	10000	2	85	0	3.528	21	0	10	4	1
98	4472452.5	5612781.5	492.404	1250	2	85	0	4.842	44	0	10	4	1
99	4472515	5612781.5	488.387	625	2	100	0	6.066	73	0	15	4	1
100	4472540	5612781.5	485.348	625	3	0	1	4.366	95	0	15	4	1
101	4472565	5612781.5	484.484	625	3	0	2	1.999	164	0	15	4	1
102	4472702.5	5612741	495.838	3125	2	119	0	3.363	167	0	7	3	1
103	4472752.5	5612770.5	496.755	2500	2	119	0	3.969	171	0	5	3	1
104	4472840	5612748.5	492.521	8125	2	146	0	5.402	170	0	5	4	1
105	4472927.5	5612748.5	492.832	7500	2	148	0	4.168	178	0	12	4	1
107	4471652.5	5612756.5	535.331	1250	2	108	0	1.99	145	0	7	7	1
108	4471677.5	5612702	531.709	8125	2	58	0	2.703	150	0	7	4	1
109	4472090	5612756.5	505.675	625	2	110	0	5.158	133	0	14	4	1
110	4472040	5612712.5	509.363	11250	2	95	0	3.965	47	0	15	4	1
111	4472215	5612756.5	499.983	625	2	95	0	1.188	19	0	15	4	1
112	4472240	5612756.5	499.736	625	2	95	0	1.299	8	0	15	4	1
113	4472277.5	5612756.5	499.419	1250	2	96	0	2.611	8	0	6	4	1
114	4472490	5612756.5	491.217	625	2	99	0	5.578	53	0	10	4	1
115	4472527.5	5612716	490.578	3125	2	116	0	6.689	62	0	14	4	1
116	4472552.5	5612734.5	485.746	2500	2	117	0	7.145	73	0	15	4	1
117	4472565	5612756.5	484.118	625	3	0	3	2.497	95	0	15	4	1
118	4472590	5612756.5	484.419	625	3	0	3	5.747	231	0	15	4	1
119	4472765	5612734.5	492.992	4375	2	146	0	5.521	158	0	5	3	1
120	4471852.5	5612691	523.304	2500	2	58	0	5.438	100	0	7	4	1
121	4472177.5	5612709.5	503.526	10000	2	110	0	3.974	25	0	6	4	1
122	4472277.5	5612708	500.905	1875	2	97	0	2.169	25	0	10	4	1
123	4472452.5	5612731.5	495.344	1250	2	97	0	3.367	48	0	10	4	1
124	4472590	5612720.5	482.393	1250	3	0	3	2.85	104	0	15	4	1
125	4472915	5612644	487.811	13750	2	162	0	4.293	242	0	12	4	1
126	4473002.5	5612534.5	493.337	45000	2	125	0	2.902	279	0	3	4	1
127	4471977.5	5612706.5	513.499	1250	2	110	0	4.52	97	0	14	4	1
128	4472102.5	5612683	508.064	1875	2	110	0	5.399	10	0	6	4	1
129	4472315	5612706.5	500.608	625	2	97	0	1.763	38	0	10	4	1
130	4472377.5	5612706.5	498.329	2500	2	97	0	2.474	59	0	10	4	1
131	4472415	5612662.5	495.641	15625	2	152	0	3.132	105	0	14	4	1
132	4472615	5612706.5	482.705	625	3	0	3	7.823	237	0	7	4	1
133	4472677.5	5612695.5	490.254	1875	2	154	0	8.984	193	0	7	3	1
134	4472940	5612706.5	491.384	625	2	125	0	4.362	235	0	15	4	1
135	4473065	5612652	495.798	3750	2	126	0	0.304	272	0	5	4	1
136	4472040	5612681.5	510.4	625	2	110	0	3.893	31	0	15	4	1
137	4472065	5612681.5	509.797	625	2	110	0	4.435	17	0	7	4	1
138	4472240	5612681.5	503.317	625	2	122	0	3.191	37	0	10	4	1
139	4472240	5612659.5	503.906	4375	2	122	0	2.761	45	0	10	4	1
140	4472327.5	5612670.5	500.995	2500	2	131	0	2.154	77	0	14	4	1
141	4472565	5612648.5	486.124	6875	2	153	0	7.044	81	0	10	4	1
142	4472590	5612681.5	481.738	625	2	143	0	7.503	90	0	15	4	1
143	4472615	5612681.5	480.285	625	3	0	3	3.448	190	0	15	4	1
144	4472727.5	5612572	480.731	10000	2	165	0	8.617	218	0	7	4	1
145	4472715	5612681.5	490.089	625	2	144	0	6.043	178	0	5	4	1
146	4472790	5612637.5	485.627	10000	2	144	0	4.404	165	0	5	4	1
147	4472865	5612681.5	486.41	625	2	156	0	4.257	171	0	12	4	1
148	4472890	5612681.5	486.903	625	2	156	0	4.185	216	0	15	4	1
149	4472040	5612645.5	512.284	1250	2	137	0	3.585	30	0	7	4	1
150	4472090	5612645.5	511.022	2500	2	128	0	3.11	16	0	6	4	1
151	4472015	5612481	513.091	77500	2	214	0	3.316	117	0	6	4	1
152	4472527.5	5612634.5	490.019	2500	2	141	0	4.568	97	0	10	4	1
153	4472615	5612645.5	479.945	1250	3	0	3	6.355	80	0	15	4	1
154	4472640	5612645.5	478.824	1250	3	0	3	6.8	158	0	15	3	1
155	4472740	5612634.5	485.481	1875	2	144	0	5.184	166	0	5	4	1
156	4472865	5612656.5	485.122	625	2	125	0	2.823	170	0	15	4	1
157	4471690	5612587.5	528.033	6875	2	58	0	1.505	140	0	6	4	1
158	4472240	5612577	504.681	13750	2	175	0	3.523	108	0	10	3	1
159	4472302.5	5612620.5	501.17	2500	2	160	0	3.367	99	0	14	3	1
160	4472377.5	5612587.5	495.829	10625	2	167	0	3.851	129	0	14	3	1
161	4472665	5612631.5	477.972	625	2	165	0	9.537	215	0	7	3	1
162	4472840	5612620.5	483.442	1250	2	173	0	3.295	179	0	12	4	1
163	4472115	5612584.5	510.5	5625	2	158	0	2.773	70	0	6	3	1
164	4472640	5612606.5	476.538	625	2	165	0	5.215	101	0	15	3	1
165	4472665	5612584.5	474.73	1875	3	0	3	4.516	104	0	15	3	1
166	4472927.5	5612595.5	488.149	1875	2	125	0	5.033	270	0	12	4	1
167	4472440	5612541	489.914	5625	2	181	0	4.626	135	0	14	3	1
168	4472490	5612581.5	490.08	625	2	167	0	4.218	141	0	14	3	1
169	4472527.5	5612581.5	488.325	1250	2	170	0	4.658	125	0	14	3	1
170	4472590	5612559.5	481.554	8125	2	165	0	6.419	94	0	10	3	1
171	4472690	5612581.5	475.364	625	2	165	0	8.053	224	0	7	3	1
172	4472765	5612581.5	480.952	625	2	144	0	5.804	180	0	5	4	1
173	4472815	5612581.5	480.131	625	2	177	0	3.794	186	0	12	4	1
174	4472840	5612581.5	481.388	625	2	177	0	4.353	243	0	15	4	1
175	4472327.5	5612556.5	498.172	1250	2	160	0	4.454	111	0	14	3	1
176	4472690	5612556.5	473.392	625	3	0	3	6.421	208	0	3	3	1
177	4472815	5612556.5	479.219	625	2	185	0	2.546	233	0	15	4	1
178	4472852.5	5612545.5	482.82	2500	2	177	0	5.917	278	0	12	4	1
179	4472277.5	5612491	499.334	2500	2	180	0	6.03	110	0	10	4	1
180	4472352.5	5612477	490.737	14375	2	206	0	5.859	130	0	14	4	1
181	4472552.5	5612508	482.208	5000	2	198	0	5.708	135	0	10	3	1
182	4472652.5	5612508	473.892	1875	2	183	0	7.381	99	0	10	4	1
183	4472690	5612531.5	470.441	625	3	0	3	4.037	162	0	15	4	1
184	4472715	5612531.5	471.23	625	2	192	0	7.444	212	0	3	4	1
185	4472790	5612531.5	477.444	625	2	144	0	6.138	270	0	15	4	1
186	4472802.5	5612508	479.784	1875	2	185	0	8.639	297	0	1	4	1
187	4473065	5612520.5	496.394	1250	2	126	0	0.529	349	0	5	4	1
188	4471690	5612506.5	526.75	625	2	58	0	1.118	142	0	7	4	1
189	4472202.5	5612483	503.878	5000	2	202	0	3.724	111	0	10	4	1
190	4472427.5	5612495.5	488.625	3750	2	197	0	5.519	139	0	14	3	1
191	4472690	5612495.5	469.201	1250	3	0	3	4.289	119	0	15	4	1
192	4472715	5612484.5	467.987	1875	3	0	3	3.682	156	0	15	4	1
193	4472752.5	5612506.5	473.032	1250	2	192	0	7.036	237	0	15	4	1
194	4472840	5612506.5	484.42	625	2	186	0	6.769	320	0	3	4	1
195	4472865	5612506.5	485.745	625	2	178	0	5.205	318	0	3	4	1
196	4472965	5612495.5	492.196	3125	2	126	0	4.471	278	0	3	3	1
197	4472502.5	5612470.5	481.525	3125	2	205	0	6.868	143	0	6	3	1
198	4472590	5612470.5	475.764	3750	2	206	0	6.029	152	0	6	4	1
199	4472652.5	5612470.5	471.807	1875	2	206	0	7.061	130	0	6	4	1
200	4472752.5	5612481.5	472.269	1250	2	192	0	11.107	247	0	1	4	1
201	4472902.5	5612320.5	480.97	29375	2	248	0	11.84	227	0	3	4	1
202	4472202.5	5612445.5	502.174	1875	2	203	0	4.459	132	0	9	4	1
203	4472240	5612423.5	497.408	4375	2	217	0	6.597	133	0	9	4	1
204	4472440	5612456.5	484.291	625	2	212	0	6.008	142	0	14	3	1
205	4472490	5612445.5	480.105	3125	2	206	0	6.54	127	0	6	4	1
206	4472490	5612412.5	478.579	18750	3	0	3	3.844	64	0	15	4	1
207	4472740	5612456.5	468.342	625	2	206	0	10.737	232	0	2	4	1
208	4473040	5612423.5	496.624	2500	2	126	0	1.021	261	0	3	7	1
209	4473065	5612434.5	496.841	1875	2	208	0	0.214	203	0	5	7	1
210	4472190	5612431.5	501.833	625	2	216	0	4.634	140	0	6	4	1
211	4472290	5612420.5	492.947	3125	2	206	0	6.101	135	0	14	4	1
212	4472465	5612431.5	480.75	625	2	206	0	4.922	140	0	14	4	1
213	4472740	5612431.5	465.092	625	3	0	3	5.826	212	0	15	4	1
214	4472127.5	5612384.5	503.432	3125	2	227	0	5.385	97	0	6	4	1
215	4472177.5	5612395.5	500.892	1875	2	203	0	5.378	134	0	6	4	1
216	4472215	5612406.5	499.029	625	2	203	0	7.203	142	0	6	4	1
217	4472265	5612395.5	493.155	1250	2	223	0	6.311	114	0	14	4	1
218	4472565	5612331.5	478.423	10000	2	206	0	3.693	5	0	6	4	1
219	4472652.5	5612384.5	473.113	3125	2	206	0	5.76	20	0	6	4	1
220	4472727.5	5612319	468.134	20625	2	251	0	8.74	89	0	6	4	1
221	4472740	5612406.5	463.775	625	3	0	3	3.373	157	0	15	4	1
222	4472765	5612406.5	464.312	625	3	0	3	8.56	215	0	2	4	1
223	4472302.5	5612381.5	489.543	1250	2	206	0	3.594	119	0	14	4	1
224	4472552.5	5612358	477.597	4375	2	206	0	6.054	24	0	6	4	1
225	4472765	5612370.5	462.136	1250	3	0	3	4	90	0	15	4	1
226	4472902.5	5612370.5	486.594	1875	2	201	0	7.85	216	0	3	4	1
227	4472190	5612356.5	497.202	3125	2	206	0	4.163	69	0	9	4	1
228	4472440	5612316	484.78	6875	2	218	0	3.983	36	0	7	4	1
229	4472790	5612356.5	462.189	625	3	0	3	9.653	229	0	2	4	1
230	4472052.5	5612239.5	510.845	13750	2	151	0	2.083	50	0	8	4	1
231	4472102.5	5612331.5	504.644	1250	2	214	0	5.565	54	0	9	4	1
232	4472140	5612331.5	501.744	625	2	227	0	5.904	28	0	9	4	1
233	4472165	5612309.5	503.726	3750	2	227	0	6.298	16	0	7	4	1
234	4472290	5612309.5	494.177	10625	2	206	0	6.473	36	0	7	4	1
235	4472627.5	5612239.5	479.345	19375	2	220	0	3.14	71	0	6	4	1
236	4472790	5612320.5	459.73	1250	3	0	3	2.802	95	0	15	4	1
237	4472065	5612295.5	509.203	1250	2	231	0	3.37	17	0	9	4	1
238	4472102.5	5612306.5	506.067	1250	2	231	0	6.317	37	0	9	4	1
239	4472815	5612306.5	459.533	625	3	0	3	5.414	213	0	15	4	1
240	4472040	5612258	510.971	2500	2	237	0	1.988	24	0	8	4	1
241	4472102.5	5612281.5	508.906	1250	2	233	0	5.13	32	0	8	4	1
242	4472202.5	5612281.5	503.363	1250	2	234	0	6.325	53	0	7	4	1
243	4472265	5612281.5	498.524	625	2	234	0	5.355	47	0	7	4	1
244	4472340	5612270.5	492.959	3125	2	228	0	5.559	47	0	7	4	1
245	4472402.5	5612223.5	489.939	23750	2	235	0	3.505	72	0	7	4	1
246	4472815	5612281.5	457.871	625	3	0	3	2.62	143	0	15	4	1
247	4472840	5612270.5	459.362	1250	2	246	0	9.435	247	0	15	4	1
248	4472890	5612223.5	472.123	8750	2	251	0	16.432	273	0	2	4	1
249	4472202.5	5612234.5	504.335	7500	2	245	0	4.363	89	0	7	4	1
250	4472815	5612256.5	457.294	625	3	0	3	2.107	128	0	15	4	1
251	4472815	5612220.5	456.29	1250	3	0	3	3.089	126	0	15	4	1
106	4473065	5612770.5	496.098	1250	2	92	0	0.857	166	0	5	4	1
#end of hrus.par		