#landuse.par - Moxa land use parameter file																																				
ID	description	albedo	RSC0_1	RSC0_2	RSC0_3	RSC0_4	RSC0_5	RSC0_6	RSC0_7	RSC0_8	RSC0_9	RSC0_10	RSC0_11	RSC0_12	LAI_d1	LAI_d2	LAI_d3	LAI_d4	effHeight_d1	effHeight_d2	effHeight_d3	effHeight_d4	rootDepth	sealedGrade	hFact_1	hFact_2	hFact_3	hFact_4	hFact_5	hFact_6	hFact_7	hFact_8	hFact_9	hFact_10	hFact_11	hFact_12
1	-9999	0	0	0	0	0	0	0	0	0	0	0	0	0	0	0	0	0	0	0	0	0	0	0	0	0	0	0	0	0	0	0	0	0	0	0
-9999	-9999	100	1000	1000	1000	1000	1000	1000	1000	1000	1000	1000	1000	1000	100	100	100	100	50	50	50	50	50	1	1	1	1	1	1	1	1	1	1	1	1	1
n/a	n/a	%	s/m	s/m	s/m	s/m	s/m	s/m	s/m	s/m	s/m	s/m	s/m	s/m	n/a	n/a	n/a	n/a	m	m	m	m	dm	n/a	n/a	n/a	n/a	n/a	n/a	n/a	n/a	n/a	n/a	n/a	n/a	n/a
1	Settlements SG > 80%	0.1	100	100	100	100	100	100	100	100	100	100	100	100	1	1	1	1	10	10	10	10	2	1	0.1	0.1	0.1	0.1	0.1	0.1	0.1	0.1	0.1	0.1	0.1	0.1
2	Settlements SG < 80%	0.1	90	90	80	70	50	55	55	55	60	70	90	90	1	1	1	1	3	5	5	3	3	0.8	0.2	0.2	0.23	0.24	0.29	0.29	0.28	0.26	0.23	0.2	0.2	0.2
3	Grassland	0.25	80	80	70	60	40	45	45	45	50	60	80	80	2	5	5	2	0.3	0.5	0.5	0.3	6	0	0.2	0.2	0.25	0.29	0.29	0.28	0.26	0.25	0.23	0.22	0.2	0.2
4	Coniferous Forest	0.12	70	70	60	55	45	45	45	45	50	65	70	70	9	13	13	9	10	10	10	10	20	0	0.16	0.08	0.28	0.7	0.78	0.68	0.62	0.5	0.4	0.26	0.14	0.1
5	Decidous Forest	0.17	80	80	70	65	55	55	55	55	60	75	80	80	1	8	8	1	3	10	10	3	20	0	0.01	0.01	0.04	0.1	0.23	0.28	0.32	0.26	0.17	0.1	0.01	0.01
6	Mixed Forest	0.15	75	75	65	60	50	50	50	50	55	70	75	75	2	10	10	2	3	10	10	3	20	0	0.045	0.025	0.09	0.225	0.31	0.31	0.315	0.255	0.185	0.115	0.04	0.03
7	Agricultural Areas	0.25	80	80	75	65	45	50	50	50	50	65	80	80	1	5	3	1	0.05	0.5	0.3	0.05	8	0	0.11	0.11	0.11	0.17	0.21	0.24	0.25	0.26	0.21	0.18	0.11	0.11
8	Water	0.05	20	20	20	20	20	20	20	20	20	20	20	20	1	1	1	1	0.1	0.1	0.1	0.1	0	0	0.5	0.5	0.5	0.5	0.5	0.5	0.5	0.5	0.5	0.5	0.5	0.5
9	Shrubland	0.2	80	80	70	60	50	50	50	55	55	70	80	80	3	5	5	3	1.5	2.5	2.5	1.5	15	0	0.11	0.11	0.11	0.17	0.21	0.24	0.25	0.26	0.21	0.18	0.11	0.11
10	Wetlands	0.2	80	80	70	60	50	50	50	55	55	70	80	80	2	5	5	2	3	5	5	3	10	0	0.45	0.45	0.45	0.45	0.45	0.45	0.45	0.45	0.45	0.45	0.45	0.45
11	Bare Soils	0.1	150	150	150	150	150	150	150	150	150	150	150	150	1	1	1	1	0.05	0.05	0.05	0.05	1	0	0.1	0.1	0.1	0.1	0.1	0.1	0.1	0.1	0.1	0.1	0.1	0.1
#end of landuse.par																																				
