# soil parameters from Thomas Scholten	 derived by Peter Krause 10/2000																										
ID	depth	kf_min	depth_min	kf_max	cap_rise	aircap	fc_sum	fc_1	fc_2	fc_3	fc_4	fc_5	fc_6	fc_7	fc_8	fc_9	fc_10	fc_11	fc_12	fc_13	fc_14	fc_15	fc_16	fc_17	fc_18	fc_19	fc_20
1	0	0	0	0	0	0	0	0	0	0	0	0	0	0	0	0	0	0	0	0	0	0	0	0	0	0	0
-9999	-9999	-9999	-9999	-9999	1	-9999	-9999	-9999	-9999	-9999	-9999	-9999	-9999	-9999	-9999	-9999	-9999	-9999	-9999	-9999	-9999	-9999	-9999	-9999	-9999	-9999	-9999
n/a	cm	m/d	m	m/d	0/1	mm	mm	mm/dm	mm/dm	mm/dm	mm/dm	mm/dm	mm/dm	mm/dm	mm/dm	mm/dm	mm/dm	mm/dm	mm/dm	mm/dm	mm/dm	mm/dm	mm/dm	mm/dm	mm/dm	mm/dm	mm/dm
1	7	1	1	1	1	2.975	7.525	7.525	0	0	0	0	0	0	0	0	0	0	0	0	0	0	0	0	0	0	0
2	30	1	1	1	1	18.300	49.8	16.6	16.6	16.6	0	0	0	0	0	0	0	0	0	0	0	0	0	0	0	0	0
3	43	1	1	1	1	10.625	26.875	6.25	6.25	6.25	6.25	1.875	0	0	0	0	0	0	0	0	0	0	0	0	0	0	0
4	26	1	1	1	1	16.185	41.925	16.13	16.13	9.68	0	0	0	0	0	0	0	0	0	0	0	0	0	0	0	0	0
5	45	1	1	1	1	36.900	87.12	19.36	19.36	19.36	19.36	9.68	0.09	0	0	0	0	0	0	0	0	0	0	0	0	0	0
6	45	1	1	1	1	38.250	90.5625	20.13	20.13	20.13	20.13	10.06	0	0	0	0	0	0	0	0	0	0	0	0	0	0	0
7	45	1	1	1	1	36.900	87.12	19.36	19.36	19.36	19.36	9.68	0	0	0	0	0	0	0	0	0	0	0	0	0	0	0
8	50	1	1	1	1	26.250	70	14.00	14.00	14.00	14.00	14.00	0	0	0	0	0	0	0	0	0	0	0	0	0	0	0
9	70	1	1	1	1	59.500	140.875	20.13	20.13	20.13	20.13	20.13	20.13	20.13	0	0	0	0	0	0	0	0	0	0	0	0	0
10	60	1	1	1	1	48.000	113.1	18.85	18.85	18.85	18.85	18.85	18.85	0	0	0	0	0	0	0	0	0	0	0	0	0	0
11	56	1	1	1	1	34.720	92.96	16.60	16.60	16.60	16.60	16.60	9.96	0	0	0	0	0	0	0	0	0	0	0	0	0	0
12	50	1	1	1	1	39.000	109	21.80	21.80	21.80	21.80	21.80	0	0	0	0	0	0	0	0	0	0	0	0	0	0	0
13	32	1	1	1	1	25.088	66.56	20.80	20.80	20.80	4.16	0	0	0	0	0	0	0	0	0	0	0	0	0	0	0	0
14	38	1	1	1	1	38.000	91.01	23.95	23.95	23.95	19.16	0	0	0	0	0	0	0	0	0	0	0	0	0	0	0	0
15	25	1	1	1	1	15.500	41.5	16.60	16.60	8.30	0	0.00	0	0	0	0	0	0	0	0	0	0	0	0	0	0	0
#end of boden.par																											