#crop parameter Version 1.2 (5.Mšrz 06; originates at this step from SWAT)"																																										
# In addition to this HU_EC Heat units required for EC-Phases on arable lands. devided into : Keimung (1). Keimtriebentwicklung (2). Bestockung(3). Schossen(4). Wachstum des BlŁtenstands(5). BlŁtenstand tritt hervor(6). BlŁte(7). Reife(8). Absterben (9)																																										
CID	IDC	CPNM	CROPNAME	PHU	RUE	HVSTI	MLAI	FRGRW1	FRGRW2	LAIMX1	LAIMX2	DLAI	CHTMX	RDMX	TOPT	TBASE	CNYLD	CPYLD	BN1	BN2	BN3	BP1	BP2	BP3	WSYF	GSI	VPDFR	FRGMAX	WAVP	CO2HI	BIOEHI	RSDCO_PL	LID	HU_EC1 	HU_EC2	HU_EC3	HU_EC4	HU_EC5	HU_EC6	HU_EC7	HU_EC8	HU_EC9
1	4	AGRL	Agricultural Land-Generic	1400.00	33.50	0.45	3.00	0.15	0.50	0.05	0.95	0.64	1.00	2.00	30.00	11.00	0.02	0.00	0.04	0.02	0.01	0.01	0.00	0.00	0.25	0.01	4.00	0.75	8.50	660.00	36.00	0.05	7.00	0.00	0.00	0.00	0.00	0.00	0.00	0.00	0.00	0.00
2	4	AGRR	Agricultural Land-Row Crops	1400.00	39.00	0.50	3.00	0.15	0.50	0.05	0.95	0.70	2.50	2.00	25.00	8.00	0.01	0.00	0.05	0.02	0.01	0.00	0.00	0.00	0.30	0.01	4.00	0.75	7.20	660.00	45.00	0.05	7.00	0.00	0.00	0.00	0.00	0.00	0.00	0.00	0.00	0.00
3	5	AGRC	Agricultural Land-Close-grown	1400.00	30.00	0.40	4.00	0.05	0.45	0.05	0.95	0.50	0.90	1.30	18.00	0.00	0.03	0.00	0.07	0.03	0.01	0.01	0.00	0.00	0.20	0.01	4.00	0.75	6.00	660.00	39.00	0.05	7.00	0.00	0.00	0.00	0.00	0.00	0.00	0.00	0.00	0.00
4	7	ORCD	Orchard	1400.00	15.00	0.10	4.00	0.10	0.50	0.15	0.75	0.99	3.50	2.00	20.00	7.00	0.00	0.00	0.01	0.00	0.00	0.00	0.00	0.00	0.05	0.01	4.00	0.75	3.00	660.00	20.00	0.05	6.00	0.00	0.00	0.00	0.00	0.00	0.00	0.00	0.00	0.00
5	6	HAY	Hay	1400.00	35.00	0.90	4.00	0.05	0.49	0.05	0.95	0.99	0.50	2.00	25.00	12.00	0.02	0.00	0.06	0.02	0.01	0.01	0.00	0.00	0.90	0.01	4.00	0.75	10.00	660.00	36.00	0.05	3.00	0.00	0.00	0.00	0.00	0.00	0.00	0.00	0.00	0.00
6	7	FRST	Forest-Mixed	1400.00	18.00	0.76	6.00	0.10	0.50	0.50	0.99	0.99	24.00	2.00	15.00	7.00	0.00	0.00	0.01	0.00	0.00	0.00	0.00	0.00	0.01	0.00	4.00	0.75	8.00	660.00	16.00	0.05	6.00	0.00	0.00	0.00	0.00	0.00	0.00	0.00	0.00	0.00
7	7	FRSD	Forest-Deciduous	1400.00	16.00	0.76	5.90	0.05	0.20	0.50	0.99	0.99	23.00	1.50	15.00	8.00	0.00	0.00	0.01	0.00	0.00	0.00	0.00	0.00	0.01	0.00	4.00	0.75	8.00	660.00	16.00	0.05	5.00	0.00	0.00	0.00	0.00	0.00	0.00	0.00	0.00	0.00
8	7	FRSE	Forest-Evergreen	1400.00	20.00	0.76	6.20	0.20	0.50	0.50	0.99	0.99	25.00	2.50	15.00	6.00	0.00	0.00	0.01	0.00	0.00	0.00	0.00	0.00	0.60	0.00	4.00	0.75	8.00	660.00	16.00	0.05	4.00	0.00	0.00	0.00	0.00	0.00	0.00	0.00	0.00	0.00
9	6	WETL	Wetlands-Mixed	1400.00	47.00	0.90	6.00	0.10	0.20	0.20	0.95	0.70	2.50	2.20	25.00	12.00	0.02	0.00	0.04	0.02	0.00	0.00	0.00	0.00	0.90	0.01	4.00	0.75	8.50	660.00	54.00	0.05	9.00	0.00	0.00	0.00	0.00	0.00	0.00	0.00	0.00	0.00
10	7	WETF	Wetlands-Forested	1400.00	15.00	0.76	5.00	0.05	0.40	0.05	0.95	0.99	6.00	3.50	30.00	10.00	0.00	0.00	0.01	0.00	0.00	0.00	0.00	0.00	0.01	0.00	4.00	0.75	8.00	660.00	16.00	0.05	9.00	0.00	0.00	0.00	0.00	0.00	0.00	0.00	0.00	0.00
11	6	WETN	Wetlands-Non-Forested	1400.00	47.00	0.90	6.00	0.10	0.20	0.20	0.95	0.70	2.50	2.20	25.00	12.00	0.02	0.00	0.04	0.02	0.00	0.00	0.00	0.00	0.90	0.01	4.00	0.75	8.50	660.00	54.00	0.05	9.00	0.00	0.00	0.00	0.00	0.00	0.00	0.00	0.00	0.00
12	6	PAST	Pasture	1400.00	30.00	0.90	7.20	0.10	0.50	0.50	0.99	0.99	0.90	0.80	21.00	2.50	0.02	0.00	0.06	0.02	0.01	0.01	0.00	0.00	0.90	0.01	4.00	0.75	10.00	660.00	36.00	0.05	3.00	0.00	0.00	0.00	0.00	0.00	0.00	0.00	0.00	0.00
13	6	SPAS	Summer Pasture	1400.00	35.00	0.90	4.00	0.05	0.49	0.05	0.95	0.99	0.50	2.00	25.00	12.00	0.02	0.00	0.06	0.02	0.01	0.01	0.00	0.00	0.90	0.01	4.00	0.75	10.00	660.00	36.00	0.05	3.00	0.00	0.00	0.00	0.00	0.00	0.00	0.00	0.00	0.00
14	6	WPAS	Winter Pasture	1400.00	30.00	0.90	4.00	0.15	0.50	0.01	0.95	0.80	1.50	2.00	15.00	0.00	0.02	0.00	0.06	0.02	0.01	0.01	0.00	0.00	0.90	0.01	4.00	0.75	8.00	660.00	39.00	0.05	3.00	0.00	0.00	0.00	0.00	0.00	0.00	0.00	0.00	0.00
15	6	RNGE	Range-Grasses	1400.00	34.00	0.90	2.50	0.05	0.25	0.10	0.70	0.35	1.00	2.00	25.00	12.00	0.02	0.00	0.02	0.01	0.01	0.00	0.00	0.00	0.90	0.01	4.00	0.75	10.00	660.00	39.00	0.05	3.00	0.00	0.00	0.00	0.00	0.00	0.00	0.00	0.00	0.00
16	6	RNGB	Range-Brush	1400.00	30.00	0.01	5.00	0.15	0.50	0.01	0.95	0.99	1.00	2.00	25.00	8.00	0.02	0.00	0.02	0.01	0.01	0.00	0.00	0.00	0.90	0.01	4.00	0.75	10.00	660.00	39.00	0.05	3.00	0.00	0.00	0.00	0.00	0.00	0.00	0.00	0.00	0.00
17	5	TRIT	Triticale	1400.00	30.00	0.45	3.30	0.15	0.80	0.01	0.95	0.81	0.90	1.50	18.00	0.00	0.03	0.00	0.07	0.03	0.01	0.01	0.00	0.00	0.20	0.01	4.00	0.75	6.00	660.00	39.00	0.05	7.00	0.00	0.00	0.00	0.00	0.00	0.00	0.00	0.00	0.00
18	6	WATR	Water	1400.00	0.00	0.00	0.00	0.00	0.00	0.00	0.00	0.00	0.00	0.00	0.00	0.00	0.00	0.00	0.00	0.00	0.00	0.00	0.00	0.00	0.00	0.00	0.00	0.00	0.00	0.00	0.00	0.00	11.00	0.00	0.00	0.00	0.00	0.00	0.00	0.00	0.00	0.00
19	4	CORN	Corn	1400.00	39.00	0.50	3.00	0.15	0.50	0.05	0.95	0.70	2.50	2.00	25.00	8.00	0.01	0.00	0.05	0.02	0.01	0.00	0.00	0.00	0.30	0.01	4.00	0.75	7.20	660.00	45.00	0.05	7.00	0.00	0.00	0.00	0.00	0.00	0.00	0.00	0.00	0.00
20	4	CSIL	Corn Silage	1400.00	40.00	0.90	5.00	0.15	0.50	0.05	0.95	0.70	2.00	1.50	25.00	8.00	0.01	0.00	0.05	0.02	0.01	0.00	0.00	0.00	0.90	0.01	4.00	0.75	7.20	660.00	45.00	0.05	7.00	0.00	0.00	0.00	0.00	0.00	0.00	0.00	0.00	0.00
21	4	SCRN	Sweet Corn	1400.00	39.00	0.50	2.50	0.15	0.50	0.05	0.95	0.50	2.50	2.00	24.00	12.00	0.02	0.00	0.05	0.02	0.01	0.00	0.00	0.00	0.30	0.01	4.00	0.75	7.20	660.00	45.00	0.05	7.00	0.00	0.00	0.00	0.00	0.00	0.00	0.00	0.00	0.00
22	6	EGAM	Eastern Gamagrass	1400.00	21.00	0.90	2.50	0.05	0.25	0.18	0.90	0.40	1.70	2.00	25.00	12.00	0.02	0.00	0.02	0.01	0.01	0.00	0.00	0.00	0.90	0.01	4.00	0.75	10.00	660.00	58.00	0.05	7.00	0.00	0.00	0.00	0.00	0.00	0.00	0.00	0.00	0.00
23	4	GRSG	Grain Sorghum	1400.00	33.50	0.45	3.00	0.15	0.50	0.05	0.95	0.64	1.00	2.00	30.00	11.00	0.02	0.00	0.04	0.02	0.01	0.01	0.00	0.00	0.25	0.01	4.00	0.75	8.50	660.00	36.00	0.05	7.00	0.00	0.00	0.00	0.00	0.00	0.00	0.00	0.00	0.00
24	4	SGHY	Sorghum Hay	1400.00	33.50	0.90	4.00	0.15	0.50	0.05	0.95	0.64	1.50	2.00	30.00	11.00	0.02	0.00	0.04	0.02	0.01	0.01	0.00	0.00	0.90	0.01	4.00	0.75	8.50	660.00	36.00	0.05	7.00	0.00	0.00	0.00	0.00	0.00	0.00	0.00	0.00	0.00
25	6	JHGR	Johnsongrass	1400.00	35.00	0.90	2.50	0.15	0.57	0.05	0.95	0.50	1.00	2.00	30.00	11.00	0.02	0.00	0.04	0.02	0.01	0.01	0.00	0.00	0.90	0.01	4.00	0.75	8.50	660.00	36.00	0.05	3.00	0.00	0.00	0.00	0.00	0.00	0.00	0.00	0.00	0.00
26	6	SUGC	Sugarcane	1400.00	25.00	0.50	6.00	0.15	0.50	0.01	0.95	0.75	3.00	2.00	25.00	11.00	0.00	0.00	0.01	0.00	0.00	0.01	0.00	0.00	0.01	0.01	4.00	0.75	10.00	660.00	33.00	0.05	7.00	0.00	0.00	0.00	0.00	0.00	0.00	0.00	0.00	0.00
27	5	SWHT	Spring Wheat	1400.00	35.00	0.42	4.00	0.15	0.50	0.05	0.95	0.60	0.90	2.00	18.00	0.00	0.02	0.00	0.06	0.02	0.01	0.01	0.00	0.00	0.20	0.01	4.00	0.75	8.00	660.00	46.00	0.05	7.00	0.00	0.00	0.00	0.00	0.00	0.00	0.00	0.00	0.00
28	5	WWHT	Winter Wheat	1400.00	30.00	0.45	3.30	0.15	0.80	0.01	0.95	0.81	0.90	1.50	18.00	0.00	0.03	0.00	0.07	0.03	0.01	0.01	0.00	0.00	0.20	0.01	4.00	0.75	6.00	660.00	39.00	0.05	7.00	0.00	0.00	0.00	0.00	0.00	0.00	0.00	0.00	0.00
29	5	DWHT	Durum Wheat	1400.00	30.00	0.40	4.00	0.15	0.50	0.01	0.95	0.80	1.00	2.00	15.00	0.00	0.03	0.01	0.06	0.02	0.01	0.01	0.00	0.00	0.20	0.01	4.00	0.75	7.00	660.00	45.00	0.05	7.00	0.00	0.00	0.00	0.00	0.00	0.00	0.00	0.00	0.00
30	5	RYE	Rye	1400.00	35.00	0.40	4.00	0.15	0.50	0.01	0.95	0.80	1.00	1.80	12.50	0.00	0.03	0.00	0.06	0.02	0.01	0.01	0.00	0.00	0.20	0.01	4.00	0.75	7.00	660.00	45.00	0.05	7.00	0.00	0.00	0.00	0.00	0.00	0.00	0.00	0.00	0.00
31	5	BARL	Spring Barley	1400.00	30.00	0.54	2.10	0.15	0.50	0.01	0.95	0.80	0.90	1.00	25.00	0.00	0.02	0.00	0.06	0.02	0.01	0.01	0.00	0.00	0.20	0.01	4.00	0.75	7.00	660.00	45.00	0.05	7.00	0.00	0.00	0.00	0.00	0.00	0.00	0.00	0.00	0.00
32	5	OATS	Oats	1400.00	30.00	0.50	3.50	0.15	0.50	0.01	0.95	0.80	0.90	1.00	15.00	0.00	0.03	0.01	0.06	0.02	0.01	0.01	0.00	0.00	0.18	0.01	4.00	0.75	10.00	660.00	45.00	0.05	7.00	0.00	0.00	0.00	0.00	0.00	0.00	0.00	0.00	0.00
33	5	WIRY	Winter Rye	1400.00	35.00	0.45	6.00	0.15	0.80	0.01	0.95	0.81	1.00	1.20	12.50	0.00	0.01	0.00	0.05	0.02	0.01	0.01	0.00	0.00	0.25	0.01	4.00	0.75	5.00	660.00	31.00	0.05	7.00	0.00	0.00	0.00	0.00	0.00	0.00	0.00	0.00	0.00
34	4	PMIL	Pearl Millet(Hirse)	1400.00	35.00	0.25	2.50	0.15	0.50	0.01	0.95	0.85	3.00	2.00	30.00	10.00	0.02	0.00	0.04	0.03	0.01	0.01	0.00	0.00	0.10	0.01	4.00	0.75	8.00	660.00	40.00	0.05	3.00	0.00	0.00	0.00	0.00	0.00	0.00	0.00	0.00	0.00
35	6	TIMO	Timothy	1400.00	35.00	0.90	4.00	0.15	0.50	0.01	0.95	0.85	0.80	2.00	25.00	8.00	0.02	0.00	0.03	0.01	0.01	0.00	0.00	0.00	0.90	0.01	4.00	0.75	8.00	660.00	45.00	0.05	3.00	0.00	0.00	0.00	0.00	0.00	0.00	0.00	0.00	0.00
36	6	BROS	Smooth Bromegrass	1400.00	35.00	0.90	5.00	0.15	0.50	0.01	0.95	0.85	1.20	2.00	25.00	8.00	0.02	0.00	0.04	0.02	0.02	0.00	0.00	0.00	0.90	0.00	4.00	0.75	8.00	660.00	45.00	0.05	3.00	0.00	0.00	0.00	0.00	0.00	0.00	0.00	0.00	0.00
37	6	BROM	Meadow Bromegrass	1400.00	35.00	0.90	3.00	0.45	0.80	0.02	0.95	0.85	0.80	1.30	25.00	6.00	0.02	0.00	0.04	0.02	0.02	0.00	0.00	0.00	0.90	0.01	4.00	0.75	8.00	660.00	45.00	0.05	3.00	0.00	0.00	0.00	0.00	0.00	0.00	0.00	0.00	0.00
38	6	FESC	Tall Fescue	1400.00	30.00	0.90	4.00	0.15	0.50	0.01	0.95	0.80	1.50	2.00	15.00	0.00	0.02	0.00	0.06	0.02	0.01	0.01	0.00	0.00	0.90	0.01	4.00	0.75	8.00	660.00	39.00	0.05	3.00	0.00	0.00	0.00	0.00	0.00	0.00	0.00	0.00	0.00
39	6	BLUG	Kentucky Bluegrass	1400.00	18.00	0.90	2.00	0.05	0.30	0.05	0.70	0.35	0.20	1.40	25.00	12.00	0.02	0.00	0.02	0.01	0.01	0.00	0.00	0.00	0.90	0.01	4.00	0.75	10.00	660.00	31.00	0.05	3.00	0.00	0.00	0.00	0.00	0.00	0.00	0.00	0.00	0.00
40	6	BERM	Bermudagrass	1400.00	35.00	0.90	4.00	0.05	0.49	0.05	0.95	0.99	0.50	2.00	25.00	12.00	0.02	0.00	0.06	0.02	0.01	0.01	0.00	0.00	0.90	0.01	4.00	0.75	10.00	660.00	36.00	0.05	3.00	0.00	0.00	0.00	0.00	0.00	0.00	0.00	0.00	0.00
41	6	CWGR	Crested Wheatgrass	1400.00	35.00	0.90	4.00	0.35	0.62	0.02	0.95	0.85	0.90	1.30	25.00	6.00	0.05	0.00	0.03	0.02	0.01	0.00	0.00	0.00	0.90	0.01	4.00	0.75	8.00	660.00	38.00	0.05	3.00	0.00	0.00	0.00	0.00	0.00	0.00	0.00	0.00	0.00
42	6	WWGR	Western Wheatgrass	1400.00	35.00	0.90	4.00	0.50	0.89	0.02	0.95	0.85	0.60	1.30	25.00	6.00	0.05	0.00	0.03	0.02	0.01	0.00	0.00	0.00	0.90	0.01	4.00	0.75	8.00	660.00	45.00	0.05	3.00	0.00	0.00	0.00	0.00	0.00	0.00	0.00	0.00	0.00
43	6	SWGR	Slender Wheatgrass	1400.00	35.00	0.90	4.00	0.15	0.50	0.01	0.95	0.85	0.70	2.00	25.00	8.00	0.05	0.00	0.03	0.02	0.01	0.00	0.00	0.00	0.90	0.01	4.00	0.75	8.00	660.00	45.00	0.05	3.00	0.00	0.00	0.00	0.00	0.00	0.00	0.00	0.00	0.00
44	5	RYEG	Italian (Annual) Ryegrass	1400.00	30.00	0.90	4.00	0.20	0.45	0.32	0.95	0.50	0.80	1.30	18.00	0.00	0.02	0.00	0.07	0.03	0.01	0.01	0.00	0.00	0.90	0.01	4.00	0.75	6.00	660.00	39.00	0.05	3.00	0.00	0.00	0.00	0.00	0.00	0.00	0.00	0.00	0.00
45	6	RYER	Russian Wildrye	1400.00	30.00	0.90	3.00	0.35	0.62	0.02	0.95	0.80	1.00	1.30	15.00	0.00	0.02	0.00	0.02	0.02	0.01	0.00	0.00	0.00	0.90	0.01	4.00	0.75	8.00	660.00	39.00	0.05	3.00	0.00	0.00	0.00	0.00	0.00	0.00	0.00	0.00	0.00
46	6	RYEA	Altai Wildrye	1400.00	30.00	0.90	3.00	0.35	0.62	0.02	0.95	0.80	1.10	1.30	15.00	0.00	0.02	0.00	0.02	0.02	0.01	0.00	0.00	0.00	0.90	0.01	4.00	0.75	8.00	660.00	46.00	0.05	3.00	0.00	0.00	0.00	0.00	0.00	0.00	0.00	0.00	0.00
47	6	SIDE	Sideoats Grama	1400.00	11.00	0.90	1.70	0.05	0.30	0.05	0.70	0.35	0.40	1.40	25.00	12.00	0.02	0.00	0.02	0.01	0.01	0.00	0.00	0.00	0.90	0.01	4.00	0.75	10.00	660.00	21.00	0.05	3.00	0.00	0.00	0.00	0.00	0.00	0.00	0.00	0.00	0.00
48	6	BBLS	Big Bluestem	1400.00	14.00	0.90	3.00	0.05	0.25	0.10	0.70	0.35	1.00	2.00	25.00	12.00	0.02	0.00	0.02	0.01	0.01	0.00	0.00	0.00	0.90	0.01	4.00	0.75	10.00	660.00	39.00	0.05	3.00	0.00	0.00	0.00	0.00	0.00	0.00	0.00	0.00	0.00
49	6	LBLS	Little Bluestem	1400.00	34.00	0.90	2.50	0.05	0.25	0.10	0.70	0.35	1.00	2.00	25.00	12.00	0.02	0.00	0.02	0.01	0.01	0.00	0.00	0.00	0.90	0.01	4.00	0.75	10.00	660.00	39.00	0.05	3.00	0.00	0.00	0.00	0.00	0.00	0.00	0.00	0.00	0.00
50	6	SWCH	Alamo Switchgrass	1400.00	47.00	0.90	6.00	0.10	0.20	0.20	0.95	0.70	2.50	2.20	25.00	12.00	0.02	0.00	0.04	0.02	0.00	0.00	0.00	0.00	0.90	0.01	4.00	0.75	8.50	660.00	54.00	0.05	3.00	0.00	0.00	0.00	0.00	0.00	0.00	0.00	0.00	0.00
51	6	INDN	Indiangrass	1400.00	34.00	0.90	3.00	0.05	0.25	0.10	0.70	0.35	1.00	2.00	25.00	12.00	0.02	0.00	0.02	0.01	0.01	0.00	0.00	0.00	0.90	0.01	4.00	0.75	10.00	660.00	39.00	0.05	3.00	0.00	0.00	0.00	0.00	0.00	0.00	0.00	0.00	0.00
52	6	ALFA	Alfalfa	1400.00	20.00	0.90	5.50	0.15	0.50	0.01	0.95	0.90	0.90	0.80	15.00	1.00	0.03	0.00	0.04	0.03	0.02	0.00	0.00	0.00	0.90	0.01	4.00	0.75	10.00	660.00	35.00	0.05	7.00	0.00	0.00	0.00	0.00	0.00	0.00	0.00	0.00	0.00
53	4	SUBE	Sugar Beet	1400.00	30.00	0.90	4.00	0.15	0.50	0.01	0.95	0.75	1.20	0.90	18.00	4.00	0.07	0.00	0.07	0.03	0.02	0.01	0.00	0.00	0.90	0.01	4.00	0.75	10.00	660.00	30.00	0.05	7.00	0.00	0.00	0.00	0.00	0.00	0.00	0.00	0.00	0.00
54	2	CLVR	Red Clover	1400.00	25.00	0.90	4.00	0.15	0.50	0.01	0.95	0.75	0.75	1.50	15.00	1.00	0.07	0.00	0.07	0.03	0.02	0.01	0.00	0.00	0.90	0.01	4.00	0.75	10.00	660.00	30.00	0.05	7.00	0.00	0.00	0.00	0.00	0.00	0.00	0.00	0.00	0.00
55	3	CLVA	Alsike Clover	1400.00	25.00	0.90	4.00	0.15	0.50	0.01	0.95	0.75	0.90	2.00	15.00	1.00	0.06	0.00	0.06	0.03	0.02	0.01	0.00	0.00	0.90	0.01	4.00	0.75	10.00	660.00	30.00	0.05	7.00	0.00	0.00	0.00	0.00	0.00	0.00	0.00	0.00	0.00
56	1	SOYB	Soybean	1400.00	25.00	0.31	3.00	0.15	0.50	0.05	0.95	0.60	0.80	1.70	25.00	10.00	0.07	0.01	0.05	0.03	0.03	0.01	0.00	0.00	0.01	0.01	4.00	0.75	8.00	660.00	34.00	0.05	7.00	0.00	0.00	0.00	0.00	0.00	0.00	0.00	0.00	0.00
57	1	CWPS	Cowpeas	1400.00	35.00	0.42	4.00	0.15	0.50	0.01	0.95	0.80	1.20	2.00	28.00	14.00	0.04	0.00	0.06	0.02	0.01	0.00	0.00	0.00	0.05	0.01	4.00	0.75	8.00	660.00	39.00	0.05	7.00	0.00	0.00	0.00	0.00	0.00	0.00	0.00	0.00	0.00
58	1	MUNG	Mung Beans	1400.00	25.00	0.31	4.00	0.15	0.50	0.01	0.95	0.90	1.50	2.00	30.00	15.00	0.04	0.00	0.05	0.03	0.03	0.01	0.00	0.00	0.01	0.01	4.00	0.75	10.00	660.00	33.00	0.05	7.00	0.00	0.00	0.00	0.00	0.00	0.00	0.00	0.00	0.00
59	1	LIMA	Lima Beans	1400.00	25.00	0.30	2.50	0.10	0.80	0.05	0.95	0.90	0.60	2.00	26.00	18.00	0.04	0.00	0.00	0.00	0.00	0.00	0.00	0.00	0.22	0.01	4.00	0.75	5.00	660.00	34.00	0.05	7.00	0.00	0.00	0.00	0.00	0.00	0.00	0.00	0.00	0.00
60	1	LENT	Lentils	1400.00	20.00	0.61	4.00	0.15	0.50	0.02	0.95	0.90	0.55	1.20	20.00	3.00	0.05	0.01	0.04	0.02	0.01	0.01	0.00	0.00	0.01	0.01	4.00	0.75	10.00	660.00	33.00	0.05	7.00	0.00	0.00	0.00	0.00	0.00	0.00	0.00	0.00	0.00
61	6	KLGS	Kleegrass	1400.00	35.00	0.90	3.70	0.10	0.50	0.50	0.99	0.99	1.00	0.85	21.00	2.50	0.02	0.00	0.06	0.02	0.01	0.01	0.00	0.00	0.90	0.01	4.00	0.75	10.00	660.00	36.00	0.05	7.00	0.00	0.00	0.00	0.00	0.00	0.00	0.00	0.00	0.00
62	2	FPEA	Field Peas	1400.00	25.00	0.45	4.00	0.15	0.50	0.01	0.95	0.75	1.20	1.20	15.00	1.00	0.04	0.00	0.05	0.03	0.03	0.00	0.00	0.00	0.10	0.01	4.00	0.75	10.00	660.00	30.00	0.05	7.00	0.00	0.00	0.00	0.00	0.00	0.00	0.00	0.00	0.00
63	2	PEAS	Garden or Canning Peas	1400.00	25.00	0.30	2.50	0.10	0.80	0.05	0.95	0.60	0.60	1.20	14.00	5.00	0.04	0.01	0.00	0.00	0.00	0.00	0.00	0.00	0.22	0.01	4.00	0.75	5.00	660.00	34.00	0.05	7.00	0.00	0.00	0.00	0.00	0.00	0.00	0.00	0.00	0.00
64	6	SESB	Sesbania	1400.00	50.00	0.31	5.00	0.15	0.50	0.01	0.95	0.90	2.00	2.00	25.00	10.00	0.07	0.01	0.05	0.02	0.02	0.01	0.00	0.00	0.01	0.01	4.00	0.75	10.00	660.00	60.00	0.05	7.00	0.00	0.00	0.00	0.00	0.00	0.00	0.00	0.00	0.00
65	5	FLAX	Flax	1400.00	25.00	0.54	2.50	0.15	0.50	0.02	0.95	0.90	1.20	1.50	22.50	5.00	0.04	0.00	0.05	0.03	0.03	0.00	0.00	0.00	0.40	0.01	4.00	0.75	10.00	660.00	33.00	0.05	7.00	0.00	0.00	0.00	0.00	0.00	0.00	0.00	0.00	0.00
66	4	COTS	Upland Cotton-harv w/ stripper	1400.00	15.00	0.50	4.00	0.15	0.50	0.01	0.95	0.95	1.00	2.50	30.00	15.00	0.01	0.00	0.06	0.02	0.02	0.01	0.00	0.00	0.40	0.01	4.00	0.75	3.00	660.00	19.00	0.05	7.00	0.00	0.00	0.00	0.00	0.00	0.00	0.00	0.00	0.00
67	4	COTP	Upland Cotton-harv w/ picker	1400.00	15.00	0.40	4.00	0.15	0.50	0.01	0.95	0.95	1.00	2.50	30.00	15.00	0.02	0.00	0.06	0.02	0.02	0.01	0.00	0.00	0.30	0.01	4.00	0.75	3.00	660.00	19.00	0.05	7.00	0.00	0.00	0.00	0.00	0.00	0.00	0.00	0.00	0.00
68	4	TOBC	Tobacco	1400.00	39.00	0.55	4.50	0.15	0.50	0.05	0.95	0.70	1.80	2.00	25.00	10.00	0.01	0.00	0.05	0.02	0.01	0.00	0.00	0.00	0.55	0.01	4.00	0.75	8.00	660.00	44.00	0.05	7.00	0.00	0.00	0.00	0.00	0.00	0.00	0.00	0.00	0.00
69	4	SGBT	Sugarbeet	1400.00	30.00	2.00	5.00	0.05	0.50	0.05	0.95	0.60	1.20	2.00	18.00	4.00	0.01	0.00	0.06	0.02	0.01	0.01	0.00	0.00	1.10	0.01	4.00	0.75	10.00	660.00	35.00	0.05	7.00	0.00	0.00	0.00	0.00	0.00	0.00	0.00	0.00	0.00
70	5	POTA	Potato	1400.00	25.00	0.95	5.20	0.15	0.50	0.01	0.95	0.60	0.70	1.00	22.00	10.00	0.01	0.00	0.06	0.02	0.01	0.01	0.00	0.00	0.95	0.01	4.00	0.75	14.80	660.00	30.00	0.05	7.00	0.00	0.00	0.00	0.00	0.00	0.00	0.00	0.00	0.00
71	4	SPOT	Sweetpotato	1400.00	15.00	0.60	4.00	0.15	0.50	0.01	0.95	0.60	0.80	2.00	24.00	14.00	0.01	0.00	0.05	0.02	0.01	0.00	0.00	0.00	0.40	0.01	4.00	0.75	3.00	660.00	19.00	0.05	7.00	0.00	0.00	0.00	0.00	0.00	0.00	0.00	0.00	0.00
72	5	CRRT	Carrot	1400.00	30.00	1.12	3.50	0.15	0.50	0.01	0.95	0.60	0.30	1.20	24.00	7.00	0.01	0.00	0.06	0.01	0.00	0.01	0.00	0.00	0.90	0.01	4.00	0.75	10.00	660.00	35.00	0.05	7.00	0.00	0.00	0.00	0.00	0.00	0.00	0.00	0.00	0.00
73	5	ONIO	Onion	1400.00	30.00	1.25	1.50	0.15	0.50	0.01	0.95	0.60	0.50	0.60	19.00	7.00	0.02	0.00	0.04	0.03	0.00	0.00	0.00	0.00	0.95	0.01	4.00	0.75	10.00	660.00	35.00	0.05	7.00	0.00	0.00	0.00	0.00	0.00	0.00	0.00	0.00	0.00
74	4	SUNF	Sunflower	1400.00	46.00	0.30	3.00	0.15	0.50	0.01	0.95	0.62	2.50	2.00	25.00	6.00	0.05	0.01	0.05	0.02	0.01	0.01	0.00	0.00	0.18	0.01	4.00	0.75	32.30	660.00	59.00	0.05	7.00	0.00	0.00	0.00	0.00	0.00	0.00	0.00	0.00	0.00
75	4	CANP	Spring Canola-Polish	1400.00	34.00	0.23	3.50	0.15	0.45	0.02	0.95	0.50	0.90	0.90	21.00	5.00	0.04	0.01	0.04	0.02	0.01	0.01	0.00	0.00	0.01	0.01	4.00	0.75	10.00	660.00	39.00	0.05	7.00	0.00	0.00	0.00	0.00	0.00	0.00	0.00	0.00	0.00
76	4	CANA	Spring Canola-Argentine	1400.00	34.00	0.30	4.50	0.15	0.45	0.02	0.95	0.50	1.30	1.40	21.00	5.00	0.04	0.01	0.04	0.02	0.01	0.01	0.00	0.00	0.01	0.01	4.00	0.75	10.00	660.00	40.00	0.05	7.00	0.00	0.00	0.00	0.00	0.00	0.00	0.00	0.00	0.00
77	6	ASPR	Asparagus	1400.00	90.00	0.80	4.20	0.25	0.40	0.23	0.86	1.00	0.50	2.00	24.00	10.00	0.06	0.01	0.06	0.05	0.04	0.01	0.00	0.00	0.95	0.01	4.00	0.75	5.00	660.00	95.00	0.05	7.00	0.00	0.00	0.00	0.00	0.00	0.00	0.00	0.00	0.00
78	5	BROC	Broccoli	1400.00	26.00	0.80	4.20	0.25	0.40	0.23	0.86	1.00	0.50	0.60	18.00	4.00	0.05	0.01	0.06	0.01	0.01	0.01	0.00	0.00	0.95	0.01	4.00	0.75	5.00	660.00	30.00	0.05	7.00	0.00	0.00	0.00	0.00	0.00	0.00	0.00	0.00	0.00
79	6	CABG	Cabbage	1400.00	19.00	0.80	3.00	0.25	0.40	0.23	0.86	1.00	0.50	0.60	18.00	1.00	0.03	0.00	0.06	0.01	0.00	0.01	0.00	0.00	0.95	0.01	4.00	0.75	5.00	660.00	25.00	0.05	7.00	0.00	0.00	0.00	0.00	0.00	0.00	0.00	0.00	0.00
80	5	CAUF	Cauliflower	1400.00	21.00	0.80	2.50	0.25	0.40	0.23	0.86	1.00	0.50	0.60	18.00	5.00	0.04	0.01	0.06	0.01	0.00	0.01	0.00	0.00	0.95	0.01	4.00	0.75	5.00	660.00	25.00	0.05	7.00	0.00	0.00	0.00	0.00	0.00	0.00	0.00	0.00	0.00
81	6	CELR	Celery	1400.00	27.00	0.80	2.50	0.25	0.40	0.23	0.86	1.00	0.50	0.60	22.00	4.00	0.02	0.00	0.06	0.02	0.01	0.01	0.01	0.00	0.95	0.01	4.00	0.75	5.00	660.00	30.00	0.05	7.00	0.00	0.00	0.00	0.00	0.00	0.00	0.00	0.00	0.00
82	5	LETT	Head Lettuce	1400.00	23.00	0.80	4.20	0.25	0.40	0.23	0.86	1.00	0.20	0.60	18.00	7.00	0.04	0.00	0.04	0.03	0.02	0.01	0.00	0.00	0.01	0.00	4.00	0.75	8.00	660.00	25.00	0.05	7.00	0.00	0.00	0.00	0.00	0.00	0.00	0.00	0.00	0.00
83	5	SPIN	Spinach	1400.00	30.00	0.95	4.20	0.10	0.90	0.05	0.95	0.95	0.50	0.60	24.00	4.00	0.05	0.01	0.06	0.04	0.03	0.01	0.00	0.00	0.95	0.01	4.00	0.75	5.00	660.00	35.00	0.05	7.00	0.00	0.00	0.00	0.00	0.00	0.00	0.00	0.00	0.00
84	1	GRBN	Green Beans	1400.00	25.00	0.10	1.50	0.10	0.80	0.05	0.95	0.90	0.60	1.20	19.00	10.00	0.03	0.00	0.00	0.00	0.00	0.00	0.00	0.00	0.10	0.01	4.00	0.75	5.00	660.00	34.00	0.05	7.00	0.00	0.00	0.00	0.00	0.00	0.00	0.00	0.00	0.00
85	4	CUCM	Cucumber	1400.00	30.00	0.27	1.50	0.15	0.50	0.05	0.95	0.60	0.50	1.20	32.00	16.00	0.02	0.00	0.07	0.01	0.00	0.01	0.00	0.00	0.25	0.00	4.00	0.75	8.00	660.00	39.00	0.05	7.00	0.00	0.00	0.00	0.00	0.00	0.00	0.00	0.00	0.00
86	4	EGGP	Eggplant	1400.00	30.00	0.59	3.00	0.15	0.50	0.05	0.95	0.60	0.50	1.20	26.00	15.00	0.02	0.00	0.07	0.03	0.01	0.01	0.00	0.00	0.25	0.01	4.00	0.75	8.00	660.00	39.00	0.05	7.00	0.00	0.00	0.00	0.00	0.00	0.00	0.00	0.00	0.00
87	4	CANT	Cantaloupe	1400.00	30.00	0.50	3.00	0.15	0.50	0.05	0.95	0.60	0.50	1.20	35.00	15.00	0.01	0.00	0.07	0.03	0.01	0.01	0.00	0.00	0.25	0.01	4.00	0.75	3.00	660.00	39.00	0.05	7.00	0.00	0.00	0.00	0.00	0.00	0.00	0.00	0.00	0.00
88	5	WIRA	Winter Rape	2100.00	20.00	0.35	5.00	0.15	0.50	0.01	0.95	0.75	1.10	1.40	21.00	2.00	0.01	0.00	0.01	0.00	0.00	0.00	0.00	0.00	0.25	0.00	4.00	0.75	3.00	660.00	39.00	0.05	7.00	0.00	0.00	0.00	0.00	0.00	0.00	0.00	0.00	0.00
89	6	AKGS	Ackergras	1400.00	35.00	0.90	7.20	0.10	0.50	0.50	0.99	0.99	0.90	0.80	21.00	2.50	0.02	0.00	0.06	0.02	0.01	0.01	0.00	0.00	0.90	0.01	4.00	0.75	10.00	660.00	36.00	0.05	7.00	0.00	0.00	0.00	0.00	0.00	0.00	0.00	0.00	0.00
90	4	PEPR	Bell Pepper	1400.00	30.00	0.60	5.00	0.15	0.50	0.05	0.95	0.60	0.50	1.20	27.00	18.00	0.02	0.00	0.06	0.04	0.03	0.01	0.00	0.00	0.25	0.01	4.00	0.75	8.00	660.00	39.00	0.05	7.00	0.00	0.00	0.00	0.00	0.00	0.00	0.00	0.00	0.00
91	6	STRW	Strawberry	1400.00	30.00	0.45	3.00	0.15	0.50	0.05	0.95	0.60	0.50	0.60	32.00	10.00	0.01	0.00	0.07	0.03	0.01	0.01	0.00	0.00	0.25	0.01	4.00	0.75	8.00	660.00	39.00	0.05	7.00	0.00	0.00	0.00	0.00	0.00	0.00	0.00	0.00	0.00
92	4	TOMA	Tomato	1400.00	30.00	0.33	3.00	0.15	0.50	0.05	0.95	0.95	0.50	2.00	22.00	10.00	0.02	0.00	0.07	0.03	0.03	0.01	0.00	0.00	0.15	0.01	4.00	0.75	8.00	660.00	39.00	0.05	7.00	0.00	0.00	0.00	0.00	0.00	0.00	0.00	0.00	0.00
93	7	APPL	Apple	1400.00	15.00	0.10	4.00	0.10	0.50	0.15	0.75	0.99	3.50	2.00	20.00	7.00	0.00	0.00	0.01	0.00	0.00	0.00	0.00	0.00	0.05	0.01	4.00	0.75	3.00	660.00	20.00	0.05	7.00	0.00	0.00	0.00	0.00	0.00	0.00	0.00	0.00	0.00
94	7	PINE	Pine	1400.00	15.00	0.76	5.00	0.15	0.25	0.70	0.99	0.99	10.00	3.50	30.00	0.00	0.00	0.00	0.01	0.00	0.00	0.00	0.00	0.00	0.60	0.00	4.00	0.75	8.00	660.00	16.00	0.05	7.00	0.00	0.00	0.00	0.00	0.00	0.00	0.00	0.00	0.00
95	7	OAK	Oak	1400.00	15.00	0.76	5.00	0.05	0.40	0.05	0.95	0.99	6.00	3.50	30.00	10.00	0.00	0.00	0.01	0.00	0.00	0.00	0.00	0.00	0.01	0.00	4.00	0.75	8.00	660.00	16.00	0.05	7.00	0.00	0.00	0.00	0.00	0.00	0.00	0.00	0.00	0.00
96	7	POPL	Poplar	1400.00	30.00	0.76	5.00	0.05	0.40	0.05	0.95	0.99	7.50	3.50	30.00	10.00	0.00	0.00	0.01	0.00	0.00	0.00	0.00	0.00	0.01	0.00	4.00	0.75	8.00	660.00	31.00	0.05	5.00	0.00	0.00	0.00	0.00	0.00	0.00	0.00	0.00	0.00
97	5	WBAR	Winter Barley	1400.00	30.00	0.54	2.10	0.15	0.80	0.01	0.95	0.81	0.90	1.00	15.00	0.00	0.00	0.00	0.02	0.01	0.01	0.00	0.00	0.00	0.01	0.01	4.00	0.75	8.00	660.00	18.00	0.05	7.00	0.00	0.00	0.00	0.00	0.00	0.00	0.00	0.00	0.00
98	1	URBA	Urban Areas	1400.00	30.00	0.90	7.20	0.10	0.50	0.50	0.99	0.99	0.90	0.80	21.00	2.50	0.02	0.00	0.06	0.02	0.01	0.01	0.00	0.00	0.90	0.01	4.00	0.75	10.00	660.00	36.00	0.05	3.00	0.00	0.00	0.00	0.00	0.00	0.00	0.00	0.00	0.00
#end of file crop.par																																										