# hrus_crop.par created 22-03-2006 Arnstadt	landuseID
1	5
2	1
3	12
4	1
5	12
6	1
7	5
8	12
9	1
10	1
11	5
12	98
13	5
14	1
15	12
16	5
17	1
18	5
19	1
20	1
21	1
22	5
23	12
24	12
25	1
26	1
27	1
28	5
29	5
30	1
31	1
32	98
33	7
34	1
35	1
36	98
37	5
38	1
39	5
40	1
41	1
42	5
43	5
44	1
45	7
46	12
47	1
48	1
49	1
50	12
51	12
52	1
53	1
54	1
55	5
56	1
57	5
58	1
59	12
60	1
61	5
62	1
63	1
64	1
65	1
66	98
67	1
68	1
69	1
70	98
71	1
72	1
73	7
74	1
75	1
76	1
77	5
78	1
79	98
80	98
81	1
82	1
83	1
84	5
85	1
86	12
87	12
88	1
89	98
90	1
91	1
92	1
93	1
94	7
95	12
96	1
97	1
98	12
99	98
100	12
101	12
102	98
103	1
104	12
105	1
106	1
107	1
108	1
109	1
110	12
111	7
112	1
113	1
114	1
115	12
116	1
117	1
118	1
119	12
120	1
121	1
122	12
123	1
124	5
125	12
126	1
127	1
128	1
129	1
130	7
131	12
132	5
133	1
134	1
135	1
136	1
137	1
138	12
139	1
140	12
141	12
142	1
143	1
144	12
145	1
146	12
147	1
148	1
149	1
150	12
151	1
152	1
153	1
154	98
155	1
156	5
157	1
158	1
159	1
160	1
161	5
162	1
163	1
164	5
165	5
166	1
167	1
168	1
169	98
170	5
171	5
172	1
173	1
174	1
175	1
176	5
177	5
178	1
179	1
180	1
181	1
182	1
183	5
184	1
185	1
186	5
187	12
188	1
189	1
190	5
191	1
192	1
193	12
194	1
195	1
196	5
197	12
198	1
199	1
200	1
201	1
202	1
203	5
204	5
205	1
206	5
207	12
208	1
209	1
210	1
211	1
212	1
213	1
214	1
215	1
216	1
217	1
218	7
219	1
220	1
221	5
222	1
223	5
224	12
225	12
226	12
227	1
228	7
229	12
230	1
231	1
232	5
233	1
234	12
235	5
236	1
237	1
238	12
239	1
240	5
241	5
242	5
243	1
244	1
245	1
246	5
247	1
248	1
249	1
250	1
251	12
252	12
253	1
254	1
255	5
256	980
257	980
258	1
259	12
260	1
261	1
262	12
263	5
264	12
265	1
266	1
267	5
268	1
269	12
270	12
271	1
272	1
273	5
274	5
275	1
276	5
277	5
278	12
279	1
280	1
281	1
282	5
283	1
284	1
285	1
286	1
287	5
288	1
289	1
290	1
291	1
292	1
293	1
294	1
295	5
296	1
297	1
298	1
299	5
300	5
301	5
302	1
303	12
304	1
305	1
306	5
307	1
308	1
309	1
310	1
311	5
312	5
313	1
314	7
315	12
316	12
317	1
318	5
319	1
320	1
321	1
322	1
323	12
324	12
325	1
326	5
327	12
328	1
329	98
330	1
331	1
332	12
333	5
334	7
335	1
336	1
337	1
338	1
339	1
340	1
341	12
342	12
343	1
344	5
345	5
346	1
347	1
348	5
349	1
350	5
351	1
352	1
353	1
354	1
355	1
356	1
357	5
358	1
359	12
360	1
361	1
362	1
363	1
364	1
365	1
366	1
367	1
368	12
369	1
370	5
371	1
372	1
373	1
374	5
375	1
376	1
377	5
378	5
379	1
380	1
381	5
382	1
383	12
384	12
385	1
386	1
387	5
388	1
389	7
390	1
391	1
392	12
393	1
394	1
395	1
396	12
397	1
398	1
399	1
400	5
401	1
402	1
403	12
404	1
405	7
406	1
407	12
408	1
409	1
410	7
411	1
412	7
413	12
414	12
415	12
416	1
417	12
418	1
419	5
420	12
421	1
422	1
423	1
424	7
425	12
426	7
427	1
428	1
429	12
430	12
431	12
432	1
433	5
434	5
435	12
436	1
437	1
438	1
439	12
440	1
441	1
442	1
443	1
444	1
445	1
446	1
447	12
448	12
449	7
450	1
451	1
452	1
453	7
454	1
455	1
456	1
457	1
458	12
459	1
460	1
461	1
462	7
463	1
464	5
465	5
466	7
467	12
468	1
469	12
470	1
471	1
472	7
473	1
474	1
475	12
476	12
477	1
478	12
479	1
480	12
481	1
482	1
483	1
484	1
485	5
486	1
487	1
488	7
489	1
490	1
491	12
492	1
493	1
494	1
495	98
496	1
497	1
498	1
499	1
500	12
501	1
502	1
503	5
504	1
505	12
506	1
507	1
508	1
509	5
510	1
511	1
512	98
513	1
514	1
515	98
516	1
517	1
518	1
519	1
520	1
521	1
522	1
523	1
524	1
525	1
526	1
527	1
528	1
529	98
530	5
531	1
532	1
533	1
534	98
535	12
536	1
537	98
538	12
539	1
540	12
541	12
542	1
543	12
544	98
545	5
546	12
547	12
548	12
549	98
550	12
551	12
552	12
553	12
554	98
555	98
556	1
557	12
558	1
559	1
560	1
561	1
562	12
563	7
564	1
565	12
566	1
567	12
568	1
569	12
570	5
571	1
572	5
573	98
574	1
575	1
576	12
577	1
578	12
579	7
580	5
581	12
582	12
583	1
584	98
585	98
586	5
587	5
588	1
589	1
590	98
591	98
592	7
593	12
594	12
595	1
596	1
597	12
598	1
599	5
600	12
601	1
602	1
603	1
604	7
605	12
606	5
607	5
608	12
609	1
610	12
611	1
612	1
613	5
614	12
615	12
616	98
617	12
618	1
619	7
620	12
621	1
622	5
623	7
624	1
625	12
626	1
627	98
628	1
629	1
630	12
631	1
632	1
633	5
634	1
635	5
636	12
637	12
638	12
639	7
640	12
641	5
642	1
643	1
644	5
645	12
646	98
647	1
648	1
649	1
650	5
651	12
652	12
653	1
654	12
655	7
656	1
657	1
658	12
659	12
660	1
661	1
662	1
663	12
664	12
665	5
666	1
667	98
668	12
669	1
670	12
671	1
672	12
673	5
674	1
675	98
676	5
677	12
678	7
679	1
680	12
681	1
682	1
683	1
684	1
685	1
686	98
687	7
688	12
689	5
690	12
691	98
692	1
693	12
694	1
695	12
696	5
697	1
698	12
699	12
700	12
701	12
702	7
703	5
704	12
705	1
706	12
707	12
708	12
709	12
710	5
711	1
712	5
713	1
714	12
715	1
716	5
717	1
718	12
719	12
720	12
721	98
722	7
723	12
724	12
725	12
726	5
727	5
728	1
729	1
730	1
731	98
732	1
733	1
734	5
735	12
736	5
737	1
738	1
739	1
740	12
741	12
742	1
743	5
744	98
745	5
746	5
747	1
748	12
749	12
750	12
751	12
752	5
753	5
754	5
755	5
756	1
757	12
758	12
759	1
760	1
761	5
762	1
763	1
764	12
765	1
766	1
767	1
768	7
769	12
770	12
771	12
772	5
773	7
774	5
775	12
776	5
777	98
778	1
779	1
780	7
781	12
782	5
783	5
784	7
785	1
786	98
787	1
788	5
789	1
790	1
791	1
792	1
793	1
794	5
795	5
796	12
797	7
798	1
799	12
800	7
801	5
802	5
803	1
804	7
805	12
806	1
807	5
808	1
809	98
810	1
811	1
812	1
813	5
814	1
815	12
816	5
817	1
818	1
819	1
820	12
821	12
822	1
823	12
824	1
825	1
826	12
827	1
828	1
829	1
830	1
831	5
832	1
833	12
834	1
835	12
836	1
837	12
838	12
839	1
840	12
841	1
842	1
843	1
844	1
845	1
846	7
847	1
848	1
849	1
850	1
851	5
852	1
853	5
854	5
855	1
856	5
857	5
858	1
859	1
860	1
861	7
862	12
863	12
864	1
865	12
866	1
867	12
868	5
869	1
870	1
871	1
872	12
873	12
874	12
875	7
876	1
877	12
878	12
879	12
880	1
881	1
882	1
883	1
884	1
885	1
886	1
887	1
888	1
889	1
890	12
891	1
892	1
893	12
894	1
895	12
896	1
897	12
898	5
899	1
900	1
901	1
902	12
903	1
904	12
905	12
906	1
907	1
908	7
909	1
910	1
911	12
912	1
913	12
914	1
915	1
916	1
917	12
918	5
919	1
920	1
921	1
922	1
923	1
924	5
925	12
926	5
927	12
928	12
929	12
930	1
931	1
932	1
933	1
934	1
935	5
936	1
937	1
938	5
939	12
940	12
941	5
942	1
943	12
944	1
945	5
946	1
947	1
948	12
949	5
950	12
951	12
952	1
953	1
954	12
955	1
956	1
957	12
958	12
959	12
960	1
961	1
962	5
963	1
964	12
965	12
966	1
967	1
968	12
969	1
970	1
971	1
972	1
973	1
974	1
975	1
976	12
977	1
978	12
979	1
980	1
981	1
982	1
983	12
984	7
985	12
986	5
987	1
988	1
989	12
990	1
991	1
992	1
993	12
994	1
995	1
996	1
997	1
998	1
999	12
1000	1
1001	1
1002	12
1003	1
1004	1
1005	7
1006	5
1007	12
1008	7
1009	1
1010	12
1011	12
1012	1
1013	12
1014	1
1015	12
1016	5
1017	12
1018	12
1019	1
1020	12
1021	1
1022	1
1023	12
1024	12
1025	5
1026	1
1027	1
1028	1
1029	12
1030	12
1031	98
1032	1
1033	12
1034	5
1035	12
1036	1
1037	1
1038	1
1039	12
1040	5
1041	5
1042	12
1043	1
1044	5
1045	1
1046	12
1047	5
1048	5
1049	5
1050	1
1051	12
1052	12
1053	12
1054	12
1055	12
1056	1
1057	1
1058	1
1059	12
1060	1
1061	1
1062	1
1063	7
1064	12
1065	1
1066	1
1067	1
1068	1
1069	1
1070	1
1071	1
1072	1
1073	1
1074	1
1075	12
1076	98
1077	1
1078	12
1079	7
1080	1
1081	98
1082	1
1083	5
1084	5
1085	1
1086	1
1087	7
1088	1
1089	12
1090	5
1091	5
1092	12
1093	1
1094	1
1095	98
1096	5
1097	1
1098	5
1099	1
1100	1
1101	12
1102	12
1103	12
1104	12
1105	12
1106	1
1107	1
1108	1
1109	98
1110	12
1111	12
1112	98
1113	1
1114	5
1115	12
1116	1
1117	1
1118	12
1119	12
1120	12
1121	1
1122	12
1123	1
1124	5
1125	1
1126	1
1127	1
1128	1
1129	1
1130	98
1131	98
1132	12
1133	12
1134	5
1135	1
1136	1
1137	98
1138	5
1139	1
1140	1
1141	98
1142	12
1143	98
1144	12
1145	12
1146	5
1147	1
1148	12
1149	12
1150	5
1151	1
1152	12
1153	12
1154	12
1155	12
1156	98
1157	5
1158	1
1159	1
1160	12
1161	12
1162	1
1163	1
1164	1
1165	12
1166	12
1167	1
1168	1
1169	98
1170	12
1171	5
1172	1
1173	1
1174	12
1175	1
1176	1
1177	12
1178	1
1179	12
1180	1
1181	1
1182	12
1183	12
1184	5
1185	5
1186	1
1187	1
1188	1
1189	1
1190	98
1191	12
1192	12
1193	12
1194	1
1195	12
1196	12
1197	12
1198	5
1199	12
1200	1
1201	1
1202	1
1203	1
1204	12
1205	12
1206	12
1207	1
1208	5
1209	12
1210	1
1211	1
1212	98
1213	12
1214	1
1215	1
1216	5
1217	12
1218	1
1219	1
1220	1
1221	1
1222	5
1223	1
1224	12
1225	12
1226	12
1227	12
1228	7
1229	5
1230	12
1231	1
1232	12
1233	1
1234	1
1235	1
1236	12
1237	12
1238	12
1239	12
1240	5
1241	1
1242	1
1243	1
1244	12
1245	12
1246	12
1247	1
1248	12
1249	12
1250	1
1251	1
1252	1
1253	7
1254	5
1255	1
1256	12
1257	1
1258	1
1259	1
1260	1
1261	1
1262	12
1263	12
1264	1
1265	12
1266	5
1267	1
1268	12
1269	12
1270	1
1271	12
1272	5
1273	1
1274	1
1275	12
1276	12
1277	12
1278	1
1279	12
1280	1
1281	1
1282	1
1283	1
1284	12
1285	12
1286	5
1287	1
1288	12
1289	1
1290	1
1291	1
1292	1
1293	1
1294	12
1295	98
1296	1
1297	1
1298	1
1299	12
1300	12
1301	5
1302	1
1303	12
1304	12
1305	98
1306	12
1307	1
1308	12
1309	12
1310	1
1311	12
1312	1
1313	12
1314	12
1315	1
1316	1
1317	1
1318	1
1319	1
1320	12
1321	1
1322	5
1323	1
1324	1
1325	1
1326	1
1327	12
1328	98
1329	98
1330	1
1331	1
1332	5
1333	5
1334	12
1335	1
1336	1
1337	1
1338	12
1339	1
1340	1
1341	5
1342	5
1343	1
1344	1
1345	1
1346	1
1347	1
1348	1
1349	1
1350	12
1351	1
1352	12
1353	12
1354	12
1355	1
1356	12
1357	98
1358	1
1359	1
1360	1
1361	1
1362	98
1363	5
1364	12
1365	1
1366	1
1367	98
1368	98
1369	1
1370	12
1371	1
1372	1
1373	1
1374	1
1375	12
1376	12
1377	1
1378	1
1379	1
1380	1
1381	1
1382	1
1383	5
1384	1
1385	98
1386	1
1387	5
1388	1
1389	1
1390	1
1391	1
1392	5
1393	1
1394	1
1395	1
1396	12
1397	12
1398	12
1399	1
1400	1
1401	1
1402	1
1403	98
1404	12
1405	12
1406	1
1407	1
1408	5
1409	1
1410	1
1411	98
1412	1
1413	12
1414	12
1415	12
1416	1
1417	1
1418	98
1419	1
1420	5
1421	12
1422	5
1423	1
1424	1
1425	1
1426	1
1427	12
1428	12
1429	1
1430	1
1431	1
1432	98
1433	1
1434	12
1435	1
1436	1
1437	5
1438	1
1439	98
1440	1
1441	12
1442	1
1443	5
1444	5
1445	1
1446	12
1447	98
1448	1
1449	1
1450	5
1451	98
1452	98
1453	1
1454	12
1455	12
1456	1
1457	1
1458	1
1459	1
1460	1
1461	1
1462	1
1463	1
1464	1
1465	5
1466	1
1467	98
1468	98
1469	12
1470	1
1471	12
1472	1
1473	1
1474	1
1475	1
1476	1
1477	1
1478	1
1479	1
1480	1
1481	1
1482	1
1483	12
1484	12
1485	1
1486	1
1487	1
1488	1
1489	1
1490	1
1491	1
1492	1
1493	12
1494	1
1495	12
1496	1
1497	1
1498	5
1499	12
1500	98
1501	7
1502	1
1503	5
1504	1
1505	1
1506	1
1507	12
1508	98
1509	98
1510	1
1511	12
1512	1
1513	1
1514	1
1515	1
1516	1
1517	5
1518	5
1519	1
1520	1
1521	1
1522	1
1523	12
1524	12
1525	1
1526	1
1527	1
1528	1
1529	12
1530	1
1531	1
1532	12
1533	1
1534	1
1535	1
1536	1
1537	98
1538	1
1539	1
1540	1
1541	5
1542	98
1543	12
1544	1
1545	1
1546	1
1547	1
1548	1
1549	1
1550	1
1551	12
1552	1
1553	7
1554	1
1555	1
1556	98
1557	12
1558	12
1559	12
1560	5
1561	1
1562	5
1563	1
1564	1
1565	5
1566	5
1567	12
1568	7
1569	12
1570	1
1571	1
1572	12
1573	1
1574	1
1575	1
1576	12
1577	5
1578	5
1579	12
1580	12
1581	1
1582	1
1583	98
1584	1
1585	12
1586	1
1587	12
1588	1
1589	12
1590	12
1591	12
1592	98
1593	1
1594	1
1595	1
1596	12
1597	12
1598	12
1599	1
1600	1
1601	12
1602	7
1603	1
1604	7
1605	1
1606	1
1607	1
1608	1
1609	1
1610	1
1611	1
1612	5
1613	5
1614	7
1615	12
1616	12
1617	12
1618	12
1619	1
1620	1
1621	12
1622	1
1623	1
1624	1
1625	1
1626	1
1627	1
1628	1
1629	1
1630	12
1631	1
1632	1
1633	1
1634	1
1635	1
1636	1
1637	98
1638	1
1639	12
1640	1
1641	1
1642	5
1643	12
1644	1
1645	1
1646	1
1647	1
1648	1
1649	1
1650	1
1651	1
1652	5
1653	1
1654	1
1655	1
1656	1
1657	1
1658	1
1659	1
1660	1
1661	12
1662	12
1663	1
1664	1
1665	5
1666	1
1667	7
1668	1
1669	1
1670	1
1671	1
1672	1
1673	1
1674	1
1675	1
1676	1
1677	5
1678	5
1679	98
1680	1
1681	12
1682	12
1683	1
1684	1
1685	1
1686	1
1687	1
1688	1
1689	1
1690	1
1691	1
1692	5
1693	5
1694	1
1695	1
1696	12
1697	1
1698	1
1699	12
1700	1
1701	5
1702	12
1703	1
1704	1
1705	1
1706	98
1707	1
1708	12
1709	1
1710	1
1711	1
1712	1
1713	1
1714	1
1715	98
1716	5
1717	1
1718	12
1719	1
1720	1
1721	1
1722	1
1723	1
1724	1
1725	1
1726	1
1727	1
1728	1
1729	12
1730	98
1731	1
1732	1
1733	1
1734	12
1735	1
1736	1
1737	12
1738	12
1739	12
1740	1
1741	1
1742	1
1743	1
1744	12
1745	1
1746	1
1747	1
1748	98
1749	1
1750	1
1751	1
1752	1
1753	1
1754	1
1755	1
1756	12
1757	12
1758	1
1759	1
1760	1
1761	1
1762	1
1763	1
1764	1
1765	1
1766	12
1767	5
1768	5
1769	1
1770	98
1771	1
1772	12
1773	98
1774	1
1775	1
1776	1
1777	7
1778	1
1779	1
1780	12
1781	1
1782	1
1783	12
1784	1
1785	1
1786	1
1787	1
1788	1
1789	1
1790	1
1791	1
1792	1
1793	5
1794	5
1795	1
1796	12
1797	1
1798	1
1799	1
1800	12
1801	1
1802	5
1803	5
1804	1
1805	12
1806	12
1807	1
1808	1
1809	1
1810	1
1811	1
1812	1
1813	1
1814	5
1815	12
1816	5
1817	12
1818	12
1819	12
1820	1
1821	1
1822	7
1823	1
1824	12
1825	5
1826	12
1827	12
1828	1
1829	5
1830	1
1831	1
1832	5
1833	1
1834	1
1835	5
1836	1
1837	5
1838	1
1839	1
1840	98
1841	5
1842	12
1843	1
1844	1
1845	12
1846	1
1847	1
1848	1
1849	1
1850	1
1851	1
1852	1
1853	12
1854	1
1855	1
1856	12
1857	12
1858	1
1859	1
1860	5
1861	1
1862	1
1863	1
1864	1
1865	1
1866	12
1867	1
1868	1
1869	1
1870	1
1871	12
1872	5
1873	1
1874	1
1875	5
1876	1
1877	12
1878	1
1879	1
1880	1
1881	1
1882	1
1883	1
1884	1
1885	1
1886	1
1887	1
1888	1
1889	5
1890	7
1891	1
1892	1
1893	1
1894	1
1895	1
1896	1
1897	1
1898	1
1899	1
1900	1
1901	1
1902	7
1903	1
1904	98
1905	1
1906	1
1907	1
1908	5
1909	5
1910	1
1911	1
1912	1
1913	12
1914	1
1915	98
1916	1
1917	1
1918	1
1919	1
1920	1
1921	1
1922	1
1923	1
1924	5
1925	1
1926	1
1927	1
1928	12
1929	12
1930	5
1931	1
1932	98
1933	1
1934	12
1935	5
1936	1
1937	98
1938	98
1939	1
1940	5
1941	1
1942	12
1943	1
1944	1
1945	1
1946	5
1947	1
1948	5
1949	1
1950	1
1951	7
1952	5
1953	1
1954	5
1955	1
1956	1
1957	98
1958	1
1959	1
1960	1
1961	12
1962	1
1963	1
1964	1
1965	1
1966	1
1967	1
1968	7
1969	1
1970	98
1971	5
1972	1
1973	1
1974	1
1975	1
1976	98
1977	7
1978	1
1979	5
1980	1
1981	12
1982	1
1983	98
1984	98
1985	5
1986	1
1987	1
1988	1
1989	98
1990	1
1991	5
1992	5
1993	5
1994	1
1995	1
1996	1
1997	98
1998	5
1999	1
2000	1
2001	5
2002	98
2003	1
2004	1
2005	1
2006	1
2007	1
2008	1
2009	1
2010	1
2011	1
2012	1
2013	12
2014	1
2015	98
2016	1
2017	1
2018	1
2019	1
2020	1
2021	98
2022	5
2023	1
2024	1
2025	1
2026	1
2027	1
2028	98
2029	5
2030	5
2031	5
2032	5
2033	1
2034	1
2035	5
2036	1
2037	1
2038	5
2039	1
2040	12
2041	1
2042	1
2043	1
2044	7
2045	1
2046	12
2047	1
2048	1
2049	1
2050	7
2051	12
2052	5
2053	5
2054	1
2055	12
2056	12
2057	12
2058	7
2059	1
2060	5
2061	1
2062	12
2063	12
2064	7
2065	1
2066	12
2067	98
2068	5
2069	1
2070	1
2071	1
2072	1
2073	1
2074	1
2075	12
2076	1
2077	1
2078	5
2079	1
2080	5
2081	1
2082	12
2083	1
2084	1
2085	1
2086	1
2087	12
2088	12
2089	1
2090	1
2091	12
2092	12
2093	5
2094	12
2095	1
2096	5
2097	1
2098	12
2099	7
2100	1
2101	1
2102	12
2103	1
2104	1
2105	1
2106	1
2107	1
2108	1
2109	1
2110	1
2111	5
2112	12
2113	1
2114	1
2115	12
2116	1
2117	5
2118	1
2119	12
2120	12
2121	5
2122	5
2123	1
2124	1
2125	1
2126	1
2127	5
2128	5
2129	1
2130	1
2131	12
2132	12
2133	1
2134	1
2135	1
2136	1
2137	12
2138	12
2139	1
2140	1
2141	1
2142	12
2143	1
2144	5
2145	5
2146	1
2147	1
2148	1
2149	5
2150	1
2151	1
2152	1
2153	1
2154	1
2155	12
2156	5
2157	5
2158	12
2159	1
2160	1
2161	1
2162	1
2163	1
2164	1
2165	1
2166	12
2167	1
2168	98
2169	5
2170	12
2171	12
2172	1
2173	1
2174	1
2175	12
2176	1
2177	1
2178	1
2179	1
2180	5
2181	1
2182	1
2183	12
2184	12
2185	1
2186	1
2187	1
2188	1
2189	1
2190	12
2191	12
2192	1
2193	12
2194	5
2195	12
2196	98
2197	1
2198	1
2199	1
2200	5
2201	1
2202	12
2203	98
2204	12
2205	12
2206	12
2207	12
2208	1
2209	1
2210	1
2211	1
2212	1
2213	1
2214	1
2215	1
2216	12
2217	1
2218	1
2219	1
2220	12
2221	12
2222	12
2223	12
2224	1
2225	1
2226	1
2227	1
2228	98
2229	12
2230	1
2231	12
2232	1
2233	1
2234	1
2235	1
2236	12
2237	1
2238	1
2239	1
2240	1
2241	12
2242	1
2243	98
2244	1
2245	1
2246	5
2247	1
2248	12
2249	1
2250	1
2251	1
2252	98
2253	1
2254	1
2255	12
2256	98
2257	1
2258	1
2259	1
2260	1
2261	1
2262	5
2263	12
2264	1
2265	1
2266	1
2267	12
2268	1
2269	1
2270	1
2271	12
2272	12
2273	1
2274	12
2275	1
2276	12
2277	1
2278	12
2279	12
2280	1
2281	12
2282	1
2283	1
2284	1
2285	98
2286	1
2287	12
2288	12
2289	1
2290	1
2291	1
2292	1
2293	12
2294	98
2295	1
2296	5
2297	1
2298	7
2299	1
2300	1
2301	1
2302	1
2303	1
2304	1
2305	98
2306	12
2307	98
2308	98
2309	1
2310	1
2311	1
2312	1
2313	1
2314	1
2315	1
2316	5
2317	1
2318	1
2319	12
2320	12
2321	1
2322	1
2323	1
2324	1
2325	98
2326	98
2327	1
2328	1
2329	1
2330	1
2331	12
2332	1
2333	12
2334	1
2335	1
2336	1
2337	1
2338	1
2339	1
2340	5
2341	1
2342	12
2343	12
2344	98
2345	98
2346	12
2347	1
2348	1
2349	1
2350	1
2351	1
2352	5
2353	1
2354	98
2355	12
2356	1
2357	5
2358	12
2359	12
2360	12
2361	1
2362	1
2363	1
2364	5
2365	5
2366	7
2367	12
2368	12
2369	1
2370	12
2371	1
2372	1
2373	1
2374	98
2375	1
2376	12
2377	12
2378	1
2379	1
2380	5
2381	5
2382	1
2383	1
2384	1
2385	12
2386	12
2387	12
2388	98
2389	1
2390	1
2391	1
2392	1
2393	1
2394	98
2395	1
2396	98
2397	12
2398	12
2399	1
2400	1
2401	1
2402	98
2403	98
2404	12
2405	1
2406	12
2407	1
2408	1
2409	12
2410	98
2411	1
2412	1
2413	1
2414	1
2415	1
2416	12
2417	1
2418	1
2419	1
2420	98
2421	1
2422	1
2423	1
2424	1
2425	1
2426	1
2427	1
2428	1
2429	1
2430	98
2431	98
2432	98
2433	12
2434	1
2435	1
2436	1
2437	1
2438	1
2439	1
2440	12
2441	1
2442	1
2443	1
2444	1
2445	1
2446	1
2447	1
2448	5
2449	1
2450	1
2451	1
2452	98
2453	1
2454	1
2455	1
2456	1
2457	1
2458	1
2459	1
2460	1
2461	1
2462	1
2463	1
2464	98
2465	98
2466	12
2467	1
2468	1
2469	1
2470	7
2471	1
2472	12
2473	1
2474	12
2475	12
2476	1
2477	1
2478	1
2479	1
2480	1
2481	98
2482	12
2483	1
2484	1
2485	1
2486	1
2487	1
2488	1
2489	1
2490	98
2491	1
2492	12
2493	1
2494	1
2495	1
2496	98
2497	98
2498	12
2499	1
2500	1
2501	5
2502	1
2503	12
2504	1
2505	1
2506	12
2507	1
2508	1
2509	1
2510	1
2511	98
2512	1
2513	1
2514	12
2515	12
2516	1
2517	98
2518	98
2519	98
2520	1
2521	1
2522	1
2523	98
2524	1
2525	1
2526	1
2527	1
2528	5
2529	1
2530	1
2531	7
2532	12
2533	1
2534	1
2535	1
2536	12
2537	98
2538	98
2539	1
2540	7
2541	7
2542	1
2543	98
2544	98
2545	5
2546	1
2547	1
2548	1
2549	1
2550	5
2551	12
2552	98
2553	1
2554	1
2555	7
2556	1
2557	1
2558	1
2559	1
2560	7
2561	98
2562	12
2563	1
2564	1
2565	1
2566	1
2567	1
2568	1
2569	1
2570	1
2571	1
2572	5
2573	1
2574	1
2575	1
2576	1
2577	1
2578	1
2579	1
2580	1
2581	1
2582	1
2583	1
2584	1
2585	1
2586	1
2587	1
2588	1
2589	1
2590	1
2591	98
2592	98
2593	98
2594	12
2595	1
2596	1
2597	1
2598	1
2599	1
2600	1
2601	5
2602	12
2603	1
2604	5
2605	1
2606	12
2607	1
2608	5
2609	1
2610	1
2611	1
2612	12
2613	1
2614	1
2615	1
2616	98
2617	1
2618	1
2619	1
2620	1
2621	1
2622	1
2623	12
2624	12
2625	1
2626	1
2627	1
2628	1
2629	1
2630	1
2631	1
2632	1
2633	1
2634	7
2635	12
2636	1
2637	1
2638	1
2639	1
2640	1
2641	1
2642	1
2643	1
2644	1
2645	1
2646	1
2647	1
2648	1
2649	1
2650	1
2651	1
2652	12
2653	1
2654	1
2655	5
2656	1
2657	1
2658	1
2659	12
2660	1
2661	1
2662	5
2663	1
2664	1
2665	1
2666	1
2667	12
2668	1
2669	1
2670	1
2671	1
2672	12
2673	1
2674	1
2675	1
2676	5
2677	1
2678	1
2679	5
2680	12
2681	98
2682	12
2683	98
2684	1
2685	5
2686	5
2687	1
2688	1
2689	1
2690	12
2691	1
2692	1
2693	1
2694	1
2695	5
2696	1
2697	1
2698	1
2699	5
2700	1
2701	1
2702	1
2703	7
2704	1
2705	1
2706	98
2707	98
2708	1
2709	1
2710	12
2711	1
2712	1
2713	1
2714	1
2715	1
2716	1
2717	7
2718	1
2719	1
2720	1
2721	1
2722	1
2723	5
2724	1
2725	1
2726	1
2727	98
2728	1
2729	1
2730	98
2731	1
2732	1
2733	1
2734	1
2735	1
2736	7
2737	5
2738	1
2739	1
2740	1
2741	7
2742	12
2743	1
2744	1
2745	1
2746	1
2747	1
2748	1
2749	1
2750	1
2751	1
2752	12
2753	98
2754	1
2755	5
2756	1
2757	1
2758	1
2759	98
2760	12
2761	98
2762	5
2763	5
2764	1
2765	1
2766	7
2767	1
2768	1
2769	1
2770	98
2771	5
2772	1
2773	1
2774	98
2775	1
2776	1
2777	1
2778	1
2779	1
2780	1
2781	98
2782	1
2783	1
2784	1
2785	1
2786	1
2787	1
2788	1
2789	98
2790	1
2791	1
2792	1
2793	98
2794	1
2795	5
2796	1
2797	1
2798	12
2799	1
2800	98
2801	1
2802	5
2803	1
2804	1
2805	1
2806	98
2807	5
2808	12
2809	1
2810	1
2811	5
2812	1
2813	1
2814	1
2815	5
2816	1
2817	1
2818	1
2819	1
2820	98
2821	98
2822	1
2823	1
2824	1
2825	1
2826	1
2827	1
2828	1
2829	98
2830	98
2831	1
2832	1
2833	1
2834	12
2835	1
2836	1
2837	1
2838	1
2839	1
2840	1
2841	98
2842	1
2843	1
2844	1
2845	5
2846	1
2847	1
2848	1
2849	1
2850	98
2851	12
2852	1
2853	1
2854	1
2855	1
2856	1
2857	1
2858	1
2859	98
2860	12
2861	12
2862	1
2863	5
2864	5
2865	1
2866	12
2867	1
2868	1
2869	12
2870	12
2871	12
2872	98
2873	1
2874	98
2875	12
2876	5
2877	1
2878	1
2879	1
2880	1
2881	1
2882	12
2883	1
2884	1
2885	1
2886	5
2887	5
2888	1
2889	1
2890	7
2891	1
2892	12
2893	1
2894	1
2895	12
2896	12
2897	1
2898	1
2899	1
2900	1
2901	1
2902	5
2903	5
2904	1
2905	1
2906	98
2907	1
2908	1
2909	1
2910	1
2911	1
2912	5
2913	12
2914	1
2915	12
2916	1
2917	1
2918	1
2919	1
2920	98
2921	1
2922	12
2923	1
2924	1
2925	5
2926	1
2927	1
2928	1
2929	5
2930	1
2931	1
2932	1
2933	1
2934	7
2935	1
2936	5
2937	1
2938	1
2939	1
2940	1
2941	1
2942	1
2943	12
2944	1
2945	1
2946	1
2947	5
2948	1
2949	1
2950	5
2951	1
2952	1
2953	1
2954	1
2955	1
2956	1
2957	12
2958	1
2959	1
2960	1
2961	1
2962	1
2963	12
2964	1
2965	1
2966	1
2967	1
2968	12
2969	1
2970	1
2971	1
2972	1
2973	1
2974	1
2975	1
2976	1
2977	7
2978	5
2979	1
2980	1
2981	1
2982	1
2983	1
2984	1
2985	12
2986	12
2987	1
2988	12
2989	1
2990	5
2991	5
2992	1
2993	1
2994	1
2995	1
2996	1
2997	1
2998	1
2999	1
3000	1
3001	1
3002	1
3003	1
3004	1
3005	1
3006	1
3007	1
3008	1
3009	1
3010	1
3011	1
3012	1
3013	1
3014	1
3015	5
3016	12
3017	12
3018	1
3019	1
3020	1
3021	1
3022	1
3023	12
3024	1
3025	1
3026	1
3027	1
3028	5
3029	1
3030	1
3031	1
3032	5
3033	98
3034	1
3035	1
3036	1
3037	5
3038	1
3039	1
3040	1
3041	1
3042	1
3043	1
3044	1
3045	12
3046	1
3047	1
3048	1
3049	1
3050	1
3051	1
3052	1
3053	1
3054	1
3055	1
3056	1
3057	12
3058	98
3059	1
3060	1
3061	1
3062	1
3063	1
3064	1
3065	1
3066	1
3067	1
3068	5
3069	5
3070	1
3071	1
3072	1
3073	1
3074	1
3075	98
3076	1
3077	1
3078	98
3079	98
3080	5
3081	1
3082	1
3083	1
3084	1
3085	1
3086	1
3087	1
3088	1
3089	1
3090	98
3091	98
3092	12
3093	1
3094	1
3095	1
3096	1
3097	1
3098	1
3099	5
3100	5
3101	1
3102	1
3103	1
3104	1
3105	1
3106	1
3107	5
3108	1
3109	1
3110	1
3111	1
3112	1
3113	1
3114	98
3115	1
3116	1
3117	1
3118	1
3119	1
3120	1
3121	1
3122	1
3123	1
3124	1
3125	1
3126	1
3127	1
3128	1
3129	1
3130	98
3131	1
3132	1
3133	98
3134	1
3135	1
3136	1
3137	1
3138	1
3139	1
3140	1
3141	98
3142	1
3143	1
3144	5
3145	1
3146	1
3147	1
3148	1
3149	1
3150	5
3151	1
3152	1
3153	1
3154	1
3155	1
3156	1
3157	98
3158	1
3159	1
3160	1
3161	1
3162	1
3163	98
3164	1
3165	1
3166	1
3167	1
3168	1
3169	1
3170	1
3171	5
3172	12
3173	1
3174	1
3175	1
3176	1
3177	1
3178	5
3179	1
3180	1
3181	1
3182	1
3183	1
3184	98
3185	7
3186	1
3187	1
3188	1
3189	1
3190	1
3191	1
3192	1
3193	1
3194	1
3195	1
3196	1
3197	12
3198	1
3199	1
3200	1
3201	1
3202	1
3203	1
3204	1
3205	1
3206	1
3207	1
3208	1
3209	1
3210	1
3211	1
3212	12
3213	98
3214	12
3215	1
3216	1
3217	1
3218	1
3219	1
3220	1
3221	1
3222	1
3223	1
3224	1
3225	1
3226	1
3227	1
3228	1
3229	1
3230	1
3231	5
3232	1
3233	1
3234	1
3235	1
3236	1
3237	1
3238	5
3239	12
3240	1
3241	1
3242	1
3243	1
3244	1
3245	1
3246	1
3247	1
3248	1
3249	1
3250	1
3251	1
3252	1
3253	5
3254	1
3255	1
3256	1
3257	5
3258	1
3259	1
3260	1
3261	1
3262	1
3263	1
3264	1
3265	1
3266	1
3267	1
3268	5
3269	1
3270	1
3271	1
3272	5
3273	1
3274	1
3275	1
3276	1
3277	1
3278	1
3279	1
3280	1
3281	1
3282	1
3283	1
3284	1
3285	1
3286	7
3287	1
3288	1
3289	5
3290	1
3291	1
3292	1
3293	1
3294	1
3295	1
3296	1
3297	1
3298	1
3299	1
3300	1
3301	1
3302	1
3303	1
3304	1
3305	1
3306	1
3307	1
3308	1
3309	1
3310	1
3311	1
3312	1
3313	5
3314	1
3315	1
3316	5
3317	1
3318	5
3319	1
3320	1
3321	1
3322	1
3323	1
3324	1
3325	5
3326	1
3327	5
3328	1
3329	1
3330	1
3331	1
3332	5
3333	1
3334	1
3335	1
3336	5
3337	1
3338	1
3339	1
3340	1
3341	5
3342	1
3343	1
3344	1
3345	1
3346	1
3347	1
3348	5
3349	5
3350	1
3351	1
3352	1
3353	1
3354	5
3355	5
3356	5
3357	1
3358	1
3359	5
3360	1
3361	1
3362	5
3363	5
3364	1
3365	1
3366	1
3367	1
3368	5
3369	1
3370	5
3371	1
3372	1
3373	1
3374	1
3375	1
3376	1
3377	5
3378	5
3379	1
3380	5
3381	1
3382	1
3383	1
3384	12
3385	1
3386	1
3387	5
3388	1
3389	1
3390	5
3391	1
3392	1
3393	12
3394	1
3395	1
3396	1
3397	5
3398	1
3399	1
3400	5
3401	1
3402	5
3403	1
3404	1
3405	1
3406	1
3407	1
3408	5
3409	1
3410	1
3411	1
3412	1
3413	1
3414	98
3415	1
3416	1
3417	1
3418	1
3419	1
3420	1
3421	1
3422	1
3423	1
3424	5
3425	1
3426	1
3427	1
3428	1
3429	1
3430	1
3431	1
3432	98
3433	1
3434	1
3435	1
3436	1
3437	12
3438	1
3439	1
3440	1
3441	5
3442	12
3443	1
3444	1
3445	1
3446	1
3447	1
3448	1
3449	1
3450	1
3451	1
3452	12
3453	5
3454	1
3455	1
3456	1
3457	1
3458	1
3459	5
3460	1
3461	1
3462	1
3463	5
3464	5
3465	1
3466	1
3467	1
3468	1
3469	98
3470	5
3471	12
3472	5
3473	1
3474	5
3475	1
3476	1
3477	98
3478	1
3479	5
3480	12
3481	1
3482	1
3483	1
3484	1
3485	1
3486	1
3487	1
3488	1
3489	1
3490	1
3491	1
3492	1
3493	12
3494	1
3495	1
3496	1
3497	1
3498	1
3499	1
3500	1
3501	1
3502	1
3503	1
3504	5
3505	1
3506	1
3507	1
3508	1
3509	12
3510	1
3511	1
3512	5
3513	5
3514	12
3515	1
3516	1
3517	1
3518	5
3519	1
3520	1
3521	1
3522	1
3523	98
3524	98
3525	1
3526	1
3527	1
3528	1
3529	1
3530	1
3531	98
3532	1
3533	1
3534	1
3535	1
3536	1
3537	1
3538	1
3539	1
3540	1
3541	1
3542	1
3543	1
3544	1
3545	1
3546	1
3547	1
3548	1
3549	1
3550	5
3551	1
3552	1
3553	1
3554	1
3555	98
3556	1
3557	12
3558	1
3559	7
3560	1
3561	1
3562	1
3563	1
3564	1
3565	1
3566	1
3567	1
3568	1
3569	1
3570	1
3571	1
3572	5
3573	5
3574	1
3575	5
3576	1
3577	1
3578	1
3579	12
3580	1
3581	1
3582	1
3583	1
3584	1
3585	1
3586	1
3587	1
3588	1
3589	1
3590	1
3591	12
3592	12
3593	5
3594	1
3595	12
3596	1
3597	1
3598	1
3599	1
3600	1
3601	1
3602	1
3603	1
3604	1
3605	1
3606	5
3607	1
3608	1
3609	1
3610	1
3611	1
3612	1
3613	1
3614	1
3615	1
3616	1
3617	1
3618	1
3619	1
3620	1
3621	1
3622	5
3623	1
3624	1
3625	1
3626	1
3627	1
3628	1
3629	5
3630	5
3631	1
3632	1
3633	1
3634	1
3635	1
3636	5
3637	1
3638	1
3639	1
3640	1
3641	1
3642	1
3643	1
3644	1
3645	1
3646	5
3647	1
3648	1
3649	5
3650	1
3651	1
3652	1
3653	1
3654	1
3655	1
3656	1
3657	1
3658	1
3659	1
3660	1
3661	1
3662	1
3663	5
3664	1
3665	1
3666	1
3667	1
3668	1
3669	5
3670	1
3671	1
3672	1
3673	5
3674	1
3675	1
3676	1
3677	1
3678	1
3679	5
3680	1
3681	1
3682	1
3683	1
3684	1
3685	1
3686	1
3687	5
3688	1
3689	1
3690	1
3691	1
3692	1
3693	1
3694	1
3695	1
3696	1
3697	1
3698	1
3699	1
3700	1
3701	1
3702	12
3703	1
3704	1
3705	1
3706	1
3707	1
3708	1
3709	1
3710	1
3711	1
3712	1
3713	1
3714	1
3715	1
3716	1
3717	1
3718	1
3719	1
3720	1
3721	1
3722	1
3723	1
3724	1
3725	1
3726	1
3727	1
3728	1
3729	1
3730	1
3731	1
3732	1
3733	1
3734	1
3735	1
3736	1
3737	1
3738	1
3739	1
3740	1
3741	1
3742	1
3743	1
3744	1
3745	1
3746	1
3747	1
3748	1
3749	1
3750	1
3751	1
3752	1
3753	1
3754	1
3755	1
3756	1
3757	1
3758	1
3759	1
3760	1
3761	1
3762	1
3763	1
3764	1
3765	1
3766	1
3767	1
3768	1
3769	1
3770	1
3771	1
3772	1
3773	1
3774	5
3775	5
3776	5
3777	1
3778	1
3779	1
3780	1
3781	1
3782	1
3783	1
3784	1
3785	1
3786	1
3787	1
3788	12
3789	12
3790	1
3791	5
3792	1
3793	1
3794	1
3795	1
3796	1
3797	1
3798	1
3799	1
3800	1
3801	1
3802	1
3803	1
3804	1
3805	98
3806	5
3807	1
3808	1
3809	1
3810	1
3811	1
3812	12
3813	12
3814	1
3815	12
3816	12
3817	12
3818	12
3819	1
3820	12
3821	12
3822	1
3823	1
3824	5
3825	1
3826	1
3827	1
3828	1
3829	5
3830	1
3831	5
3832	5
3833	12
3834	1
3835	1
3836	98
3837	1
3838	1
3839	12
3840	1
3841	1
3842	1
3843	1
3844	1
3845	1
3846	1
3847	1
3848	1
3849	1
3850	1
3851	1
3852	1
3853	1
3854	1
3855	98
3856	12
3857	98
3858	1
3859	7
3860	1
3861	1
3862	12
3863	12
3864	12
#end of hrus_crop.par	