#reach.par - Gehlberg					
ID	length	to-reach	slope	rough	width
0	0	0	0	0	0
99999999	99999999	99999999	90	9999	99999999
n/a	m	n/a	%	n/a	m
1	553.55	0	0.005	30	6
2	986.4	3	0.068	30	5.8
3	237.13	1	0.009	30	5.97
4	957.11	1	0.041	30	5.97
5	693.2	4	0.1	30	0.16
6	874.26	152	0.052	30	0.1
7	1007.11	8	0.06	30	0.21
8	3750.61	151	0.022	30	5.71
9	944.97	151	0.007	30	5.71
10	3620.28	8	0.019	30	0.21
11	934.62	9	0.007	30	5.36
12	1460.66	11	0.066	30	5.28
13	1460.66	9	0.054	30	5.36
14	588.91	11	0.007	30	5.28
15	3746.02	16	0.038	30	5.01
16	226.78	14	0.006	30	5.21
17	659.62	16	0.003	30	5.01
18	607.84	17	0.008	30	4.89
19	1780.33	18	0.01	30	2.62
20	653.55	22	0.069	30	0.37
21	1364.95	14	0.023	30	5.21
22	928.55	23	0.026	30	2.34
23	1009.62	19	0.014	30	2.41
24	663.91	18	0.02	30	2.62
25	834.62	21	0.055	30	0.16
26	944.97	22	0.013	30	0.37
27	141.42	26	0.123	30	0.33
28	206.07	26	0.031	30	0.33
29	582.84	24	0.026	30	0.16
30	1600.3	19	0.059	30	2.41
31	1001.04	28	0.021	30	0.31
32	1509.62	31	0.037	30	0.17
33	1313.91	21	0.039	30	0.16
34	457.84	33	0.085	30	0.07
35	1254.59	29	0.038	30	0.06
36	1057.11	37	0.035	30	0.1
37	2383.88	31	0.018	30	0.17
38	838.91	29	0.032	30	0.06
39	1799.26	37	0.107	30	0.1
40	507.84	164	0.077	30	1.87
41	1067.46	164	0.009	30	1.87
42	141.42	41	0.016	30	1.82
43	3799.87	24	0.037	30	0.16
44	220.71	41	0.014	30	1.82
45	1374.26	33	0.077	30	0.07
46	1789.95	44	0.021	30	1.8
47	618.2	44	0.076	30	1.8
48	451.78	44	0.01	30	1.8
49	3656.68	168	0.011	30	2.23
50	422.49	49	0.001	30	1.29
51	485.36	50	0.021	30	0.05
52	609.62	48	0.008	30	1.73
53	350	52	0.009	30	1.7
54	568.2	49	0.001	30	1.29
55	2252.82	57	0.087	30	0.44
56	2154.59	63	0.086	30	0.51
57	751.78	63	0.031	30	0.51
58	1018.2	54	0.07	30	1.2
59	663.91	48	0.061	30	1.73
60	181.07	52	0.005	30	1.7
61	3430.63	168	0.012	30	2.23
62	680.33	53	0.015	30	1.67
63	619.97	62	0.022	30	1.63
64	728.55	54	0.013	30	1.2
65	291.42	61	0.021	30	0.74
66	1508.88	61	0.073	30	0.74
67	347.49	62	0.014	30	1.63
68	778.55	50	0.072	30	0.05
69	1293.2	64	0.024	30	1.15
70	210.36	65	0.001	30	0.7
71	532.84	69	0.027	30	0.2
72	996.75	57	0.061	30	0.44
73	407.84	67	0.031	30	1.09
74	969.97	71	0.032	30	0.15
75	1638.17	53	0.042	30	1.67
76	220.71	154	0.147	30	0.08
77	961.4	72	0.12	30	0.35
78	1069.97	69	0.037	30	0.2
79	1283.88	71	0.015	30	0.15
80	1530.33	64	0.013	30	1.15
81	312.13	155	0.01	30	0.06
82	719.97	79	0.025	30	0.09
83	381.07	79	0.059	30	0.09
84	632.84	80	0.053	30	0.89
85	737.13	153	0.017	30	0.6
86	432.84	82	0.036	30	0.05
87	1952.82	67	0.016	30	1.09
88	1273.53	154	0.056	30	0.08
89	150	90	0.031	30	0.84
90	699.26	80	0.016	30	0.89
91	559.62	92	0.126	30	0.12
92	1469.97	87	0.064	30	1.01
93	2262.44	166	0.035	30	0.29
94	368.2	87	0.017	30	1.01
95	693.2	82	0.045	30	0.05
96	456.07	85	0.061	30	0.15
97	266.42	93	0.083	30	0.08
98	851.04	90	0.014	30	0.84
99	1896.02	153	0.013	30	0.6
100	1213.17	94	0.08	30	0.85
101	678.55	99	0.019	30	0.34
102	1866.73	93	0.059	30	0.08
103	1327.82	94	0.022	30	0.85
104	616.42	156	0.042	30	0.68
105	1710.66	156	0.019	30	0.68
106	316.42	103	0.145	30	0.76
107	934.62	101	0.039	30	0.24
108	120.71	105	0.015	30	0.62
109	747.49	108	0.123	30	0.44
110	276.78	105	0.034	30	0.62
111	2798.83	92	0.058	30	0.12
112	337.13	110	0.12	30	0.17
113	965.69	101	0.015	30	0.24
114	732.84	103	0.018	30	0.76
115	422.49	114	0.052	30	0.73
116	538.91	113	0.051	30	0.19
117	181.07	116	0.035	30	0.04
118	812.13	110	0.042	30	0.17
119	778.55	114	0.035	30	0.73
120	343.2	118	0.184	30	0.14
121	1217.46	115	0.104	30	0.2
122	412.13	119	0.135	30	0.5
123	2710.66	98	0.09	30	0.8
124	1105.33	157	0.077	30	0.06
125	797.49	116	0.148	30	0.04
126	3270.28	99	0.063	30	0.34
127	951.04	157	0.047	30	0.06
128	1290.69	135	0.093	30	0.26
129	603.55	158	0.149	30	0.33
130	1713.17	118	0.056	30	0.14
131	297.49	135	0.03	30	0.26
132	691.42	131	0.155	30	0.22
133	312.13	130	0.196	30	0.08
134	2018.5	119	0.019	30	0.5
135	1927.82	136	0.034	30	0.39
136	506.07	134	0.026	30	0.43
137	572.49	134	0.113	30	0.43
139	1208.88	130	0.076	30	0.08
140	1334.62	138	0.071	30	0.27
141	1591.73	138	0.043	30	0.27
142	959.62	159	0.098	30	0.15
143	216.42	141	0.133	30	0.16
144	474.26	141	0.012	30	0.16
145	2383.15	136	0.09	30	0.39
146	1842.46	144	0.041	30	0.13
147	341.42	146	0.153	30	0.05
148	320.71	146	0.12	30	0.05
149	2144.24	159	0.069	30	0.15
150	1176.04	144	0.073	30	0.13
151	907.11	3	0.007	30	5.8
152	853.55	4	0.029	30	0.16
153	1632.11	65	0.011	30	0.7
154	1948.53	166	0.028	30	0.29
155	1238.91	85	0.017	30	0.15
156	632.84	98	0.017	30	0.8
157	1914.95	113	0.025	30	0.19
138	1269.97	158	0.023	30	0.33
158	2586.7	108	0.02	30	0.44
159	1132.84	131	0.054	30	0.22
160	972.49	152	0.051	30	0.1
161	3978.86	28	0.023	30	0.31
162	256.07	155	0.01	30	0.06
163	4415.25	115	0.06	30	0.2
164	714.76	165	0.001	30	1.9
165	1742.66	23	0.011	30	2.34
166	494.09	167	0.022	30	0.31
167	574.11	72	0.095	30	0.35
168	643.53	169	0.01	30	2.25
169	308.24	17	0.01	30	4.89
#end of reach.par