#landuse.par - Parameter File created by Cornelia Scheffler 06/2006																								
LID	albedo	RSC0_1	RSC0_2	RSC0_3	RSC0_4	RSC0_5	RSC0_6	RSC0_7	RSC0_8	RSC0_9	RSC0_10	RSC0_11	RSC0_12	LAI_d1	LAI_d2	LAI_d3	LAI_d4	effHeight_d1	effHeight_d2	effHeight_d3	effHeight_d4	rootDepth	sealedGrade	
1	0	0	0	0	0	0	0	0	0	0	0	0	0	0	0	0	0	0	0	0	0	0	0	
-9999	100	1000	1000	1000	1000	1000	1000	1000	1000	1000	1000	1000	1000	100	100	100	100	50	50	50	50	50	1	
n/a	%	s/m	s/m	s/m	s/m	s/m	s/m	s/m	s/m	s/m	s/m	s/m	s/m	n/a	n/a	n/a	n/a	m	m	m	m	dm	n/a	
1100	0.2	115	115	115	151	151	151	151	151	115	115	115	115	3	1.5	0.5	2	20	10	10	20	18	0	
1200	0.12	120	120	120	189	189	189	189	189	120	120	120	120	3	2.7	2	2.5	10	10	10	10	14	0	
2000	0.14	161	161	161	208	208	208	208	208	161	161	161	161	0.6	0.4	0.2	0.4	5	2	2	5	12	0	
3000	0.18	150	150	180	250	250	250	250	250	200	180	150	150	4.2	3.7	3.5	3.8	3	1	1	3	10	0	
4000	0.24	130	130	162	260	260	260	260	260	162	162	130	130	1.5	1.2	0.5	1.2	1	0.5	0.5	1	8	0	
5000	0.1	150	150	150	150	150	150	150	150	150	150	150	150	1	1	1	1	0.06	0.06	0.06	0.06	10	0	
6000	0.06	20	20	20	20	20	20	20	20	20	20	20	20	1	1	1	1	0.1	0.1	0.1	0.1	0	0	
7000	0.2	50	50	60	70	80	80	80	80	70	70	55	55	5	2	2	5	3	5	5	3	10	0	
8000	0.18	60	60	90	100	100	100	100	100	90	90	60	60	3	2	1	2	2	2	1	1	15	0	
9100	0.1	100	100	100	100	100	100	100	100	100	100	100	100	1	1	1	1	10	10	10	10	2	1.0	
9200	0.1	55	55	70	90	90	90	90	90	80	70	60	55	1	1	1	1	3	5	5	3	3	0.8	
#end of landuse.par 																																																					
