#reach.par - Letaba					
ID	length	to-reach	slope	rough	width
0	0	0	0	0	0
99999999	99999999	99999999	90	9999	99999999
n/a	m	n/a	%	n/a	m
2464	782.8427125	2483	0.00638698	30	2
2447	3038.477631	2483	0.00625313	30	2
2482	724.2640687	2497	0.0110457	30	2
2481	8691.168825	2497	0.00575297	30	2
2483	3721.320344	2527	0.00349338	30	2
2470	9166.904756	2548	0.00436352	30	2
2527	4245.584412	2541	0.00235539	30	3.74
2541	1748.528137	2548	0.00171573	30	3.94
2497	7884.062043	2576	0.00393198	30	2
2551	2531.37085	2604	0.00434547	30	2
2548	5304.163056	2604	0.00113119	30	4.33
2576	2989.949494	2526	0.00267563	30	3.05
2526	5194.11255	2527	0.00134768	30	3.3
2575	3755.634919	2576	0.00292893	30	2.42
2613	765.6854249	2569	0.00522408	30	2
2556	4804.163056	2541	0.00666089	30	2
2569	8591.168825	2627	0.00442315	30	2
2627	6069.848481	2575	0.00329498	30	2
2619	1265.685425	2569	0.00316034	30	2
2604	2597.056275	2632	0.00346546	30	4.52
2534	7725.4834	2648	0.00517767	30	2
2632	2755.634919	2648	0.00181446	30	4.81
2635	2672.792206	2627	0.00523797	30	2
2642	1931.37085	2632	0.0046599	30	2
2656	3355.634919	2642	0.00596012	30	2
2637	3055.634919	2619	0.00621802	30	2
2614	3921.320344	2526	0.00739547	30	2
2662	1572.792206	2642	0.00445068	30	2
2620	6052.691193	2575	0.00181737	30	2
2699	1165.685425	2620	0.00686292	30	2
2648	3862.7417	2713	0.00362437	30	5.12
2641	4504.163056	2619	0.00799261	30	2
2714	907.1067812	2721	0.00330722	30	2
2674	7259.797975	2699	0.00743822	30	2
2716	4138.477631	2713	0.00579923	30	2
2720	6694.11255	2721	0.00433216	30	2
2726	865.6854249	2736	0.00231031	30	2
2721	3745.584412	2736	0.00293679	30	2
2701	3814.213562	2620	0.00707879	30	2
2767	241.4213562	2701	0.00414214	30	2
2713	3987.005769	2771	0.00150489	30	5.39
2697	5545.584412	2699	0.00324583	30	2
2768	924.2640687	2701	0.00432777	30	2
2779	200	2697	0.01	30	2
2769	1989.949494	2771	0.0060303	30	2
2780	3979.898987	2769	0.00552778	30	2
2693	6635.533906	2795	0.00467182	30	2
2771	2448.528137	2795	0.00204204	30	5.73
2787	1831.37085	2769	0.00655247	30	2
2795	2472.792206	2854	0.00242641	30	5.97
2840	141.4213562	2854	0.01	30	2
2794	3421.320344	2846	0.00818397	30	2
2845	865.6854249	2843	0.00924123	30	2
2778	6069.848481	2697	0.00411872	30	2
2862	482.8427125	2778	0.0165685	30	2
2849	3055.634919	2846	0.00883613	30	2
2786	4279.898987	2875	0.00607491	30	2
2846	2455.634919	2875	0.00488672	30	2
2854	8042.640687	2843	0.00211373	30	6.17
2843	2455.634919	2855	0.000814453	30	6.43
2736	10039.69696	2891	0.00288853	30	2
2855	10201.21933	2891	0.00225463	30	6.72
2879	1207.106781	2855	0.00497056	30	2
2891	3055.634919	2933	0.00163632	30	7.65
2907	2814.213562	2933	0.00497475	30	2
2915	1707.106781	2943	0.00527208	30	2
2901	4062.7417	2943	0.00369209	30	2
2875	4204.163056	2945	0.00404361	30	2
2933	700	2961	0.00285714	30	7.76
2939	2714.213562	2961	0.00552646	30	2
2872	4804.163056	2957	0.00437121	30	2
2945	907.1067812	2957	0.00110241	30	2
2931	14936.75324	2945	0.00676184	30	2
2943	965.6854249	2958	0.0062132	30	2
2961	5211.269837	2958	0.00191892	30	7.88
2997	1107.106781	3015	0.00541953	30	2
3006	865.6854249	3015	0.00462062	30	2
3015	865.6854249	3025	0.00231031	30	2
2958	4462.7417	3029	0.00112039	30	8.23
3020	541.4213562	3029	0.01	30	2
2946	13105.38239	3028	0.00434936	30	2
2957	6535.533906	3024	0.00244816	30	2
3055	1607.106781	3024	0.00435565	30	2
3024	5711.269837	3025	0.00192602	30	2
3025	4079.898987	3053	0.00269615	30	2
3053	10849.74747	3028	0.00221203	30	18.81
3047	1260.660078	0	0.01	30	33.99
3080	500	3047	0.004	30	33.63
3043	4162.7417	3101	0.0281065	30	2
3085	1024.264069	3101	0.0146447	30	2
3078	5587.005769	3074	0.00483264	30	2
2860	19037.97257	2778	0.00866689	30	2
3002	11912.48917	3103	0.0104932	30	2
3074	3697.056275	3075	0.00216388	30	33.17
3075	4521.320344	3080	0.000221174	30	33.46
3090	1424.264069	3103	0.00702117	30	2
3081	1931.37085	3137	0.00362437	30	2
3029	5587.005769	3100	0.00214784	30	8.41
3101	4928.427125	3090	0.00689875	30	2
3104	1189.949494	3100	0.000840372	30	23.16
3100	2431.37085	3109	0.00164516	30	31.73
3097	2472.792206	3137	0.0016176	30	2
3103	4604.163056	3097	0.00304073	30	2
3109	5204.163056	3074	0.000960769	30	32.84
3102	2731.37085	3090	0.00585786	30	2
3050	7035.533906	3125	0.0059697	30	2
3128	665.6854249	3093	0.01	30	2
3093	6394.11255	3104	0.00156394	30	22.95
3070	6394.11255	3053	0.00109476	30	16.82
3125	2789.949494	3141	0.01	30	21.82
3141	1182.842712	3093	0.000845421	30	22.77
3114	1831.37085	3104	0.00600643	30	2
3118	1731.37085	3109	0.00462062	30	2
3150	565.6854249	3141	0.0053033	30	2
3149	982.8427125	3070	0.00203491	30	15.31
3079	4587.005769	3080	0.00566819	30	2
3122	6759.797975	3167	0.00547354	30	2
3121	5294.11255	3097	0.00491112	30	2
3137	11039.69696	3070	0.00298921	30	2
3156	1748.528137	3118	0.00457528	30	2
3174	582.8427125	3167	0.00686292	30	2
3028	8732.590181	3154	0.00297735	30	19.49
3154	7011.269837	3125	0.00199679	30	21.45
3180	282.8427125	3154	0.01	30	2
3167	3814.213562	3180	0.00603008	30	2
3082	5345.584412	3047	0.0050509	30	2
3140	2372.792206	3184	0.00885033	30	2
3117	2955.634919	3184	0.0192852	30	2
3091	6169.848481	3075	0.0068073	30	2
3177	5321.320344	3200	0.0155976	30	2
3184	2289.949494	3236	0.0100439	30	2
3175	3138.477631	3156	0.00446076	30	2
3200	2689.949494	3236	0.00520456	30	2
3178	2731.37085	3156	0.00622398	30	2
3183	3438.477631	3180	0.00494405	30	2
3162	3855.634919	3150	0.00674338	30	2
3166	4345.584412	3149	0.00414214	30	2
3201	2072.792206	3250	0.00723662	30	2
3186	3231.37085	3082	0.00557039	30	2
3236	3097.056275	3250	0.00452042	30	2
3240	3855.634919	3183	0.00440913	30	2
3214	3804.163056	3200	0.00552027	30	2
3233	4021.320344	3246	0.00397879	30	2
3239	1207.106781	3166	0.00414214	30	2
3234	6935.533906	3240	0.00519066	30	2
3215	3555.634919	3175	0.00618736	30	2
3244	1972.792206	3272	0.00861723	30	2
3242	3421.320344	3272	0.0324436	30	2
3256	1041.421356	3246	0.000960226	30	14.27
3165	8725.4834	3149	0.00148989	30	14.95
3216	4228.427125	3285	0.00472989	30	2
3258	948.5281374	3285	0.00948839	30	2
3238	2789.949494	3166	0.00501801	30	2
3293	1924.264069	3288	0.00727551	30	2
3249	2631.37085	3214	0.00722057	30	2
3185	7118.376618	3082	0.007586	30	2
3250	4462.7417	3315	0.00448155	30	2
3288	4497.056275	3315	0.00555919	30	2
3282	1365.685425	3165	0.0043934	30	2
3155	9832.590181	3150	0.0040681	30	2
3237	4445.584412	3326	0.00494873	30	2
3272	1831.37085	3357	0.00491435	30	2
3279	3279.898987	3256	0.000914662	30	14.08
3281	3197.056275	3165	0.00156394	30	14.76
3246	5645.584412	3281	0.00141704	30	14.49
3273	2255.634919	3215	0.00620668	30	2
3315	4838.477631	3326	0.00330683	30	2
3229	5428.427125	3183	0.00681597	30	2
3248	6376.955262	3214	0.00689984	30	2
3247	5721.320344	3240	0.00367048	30	2
3285	2331.37085	3336	0.00943651	30	2
3332	1589.949494	3336	0.0163527	30	2
3157	10091.16882	3118	0.00792772	30	2
3295	2755.634919	3288	0.00798364	30	2
3274	3579.898987	3215	0.00921814	30	2
3333	1872.792206	3247	0.00373773	30	2
3321	2631.37085	3279	0.00228018	30	2.91
3326	10356.85425	3321	0.00202764	30	2
3320	1341.421356	3378	0.000745478	30	2
3338	1348.528137	3318	0.0363359	30	2
3318	6087.005769	3357	0.0147856	30	2
3357	4787.005769	3378	0.0150407	30	2
3339	4321.320344	3333	0.00416539	30	2
3364	2972.792206	3339	0.00672768	30	2
3362	1372.792206	3318	0.0422497	30	2
3353	4204.163056	3321	0.00142716	30	2
3316	7201.219331	3155	0.00597121	30	2
3323	4521.320344	3281	0.00641406	30	2
3208	12981.11832	3175	0.00508431	30	2
3367	4487.005769	3339	0.00624024	30	2
3378	5294.11255	3397	0.000755556	30	2
3345	5604.163056	3333	0.00731599	30	2
3336	5694.11255	3402	0.0017562	30	2
3397	141.4213562	3402	0.01	30	2
3317	6294.11255	3155	0.00683178	30	2
3375	5062.7417	3385	0.00928351	30	2
3376	3762.7417	3353	0.00558104	30	2
3385	5911.269837	3397	0.00355254	30	2
3402	482.8427125	3409	0.0207107	30	2.13
3372	9508.326112	3353	0.00294479	30	2
3280	7987.005769	3256	0.00538374	30	2
3334	7318.376618	3247	0.00519241	30	2
3415	882.8427125	3372	0.00566352	30	2
3418	724.2640687	3372	0.0110457	30	2
3322	8832.590181	3279	0.00147182	30	10.93
3422	3038.477631	3415	0.00625313	30	2
3447	200	3456	0.01	30	2
3407	13639.69696	3415	0.00637844	30	2
3433	3038.477631	3322	0.00131645	30	10.49
3405	9198.275606	3385	0.010328	30	2
3436	4994.11255	3405	0.0640754	30	2
3442	1889.949494	3498	0.00687849	30	2
3456	1789.949494	3498	0.00111735	30	5.29
3409	7776.955262	3453	0.00835803	30	4.72
3453	4687.005769	3456	0.00512054	30	5.17
3464	4104.163056	3433	0.00097462	30	10.21
3505	1265.685425	3464	0.00948103	30	2
3471	4379.898987	3433	0.00707779	30	2
3511	9808.326112	3322	0.00744266	30	2
3440	5511.269837	3522	0.010161	30	2
3520	141.4213562	3522	0.01	30	2
3483	5394.11255	3453	0.00982553	30	2
3533	282.8427125	3483	0.0106066	30	2
3525	824.2640687	3533	0.0157716	30	2
3475	5087.005769	3405	0.018675	30	2
3540	1182.842712	3475	0.0524161	30	2
3498	7159.797975	3562	0.00726277	30	5.49
3537	682.8427125	3533	0.0175736	30	2
3541	482.8427125	3475	0.0393503	30	2
3545	1241.421356	3574	0.0185272	30	2
3562	7959.797975	3574	0.00628157	30	5.82
3534	2755.634919	3483	0.0148786	30	2
3530	6266.904756	3464	0.00271266	30	9.97
3542	4828.427125	3562	0.0240244	30	2
3574	8428.427125	3580	0.00237292	30	6.08
3580	2155.634919	3530	0.000927801	30	9.7
3589	3262.7417	3580	0.00245193	30	3.37
3583	3038.477631	3530	0.01481	30	2
3606	1831.37085	3589	0.00600643	30	2
3639	1265.685425	3640	0.0150116	30	2
3640	5411.269837	3600	0.00443519	30	2
3600	10922.53967	3589	0.00247195	30	2
3406	20510.76477	3409	0.0059481	30	2.07
3657	624.2640687	3600	0.00640754	30	2
3659	1065.685425	3406	0.0272125	30	2
3635	5269.848481	3606	0.0140421	30	2
3522	17392.38816	3692	0.00770452	30	2
3652	3379.898987	3640	0.00384627	30	2
3633	5852.691193	3693	0.044424	30	2
3692	1424.264069	3712	0.00210635	30	2
3693	2089.949494	3652	0.0124405	30	2
3695	1931.37085	3692	0.0207107	30	2
3699	1065.685425	3693	0.00938363	30	2
3595	9956.854249	3658	0.006026	30	2
3634	8681.118318	3606	0.0046077	30	2
3712	5628.427125	3658	0.00799513	30	2
3716	1914.213562	3634	0.00835852	30	2
3686	3987.005769	3735	0.040632	30	2
3721	3555.634919	3735	0.0388116	30	2
3702	3921.320344	3712	0.0191262	30	2
3717	2648.528137	3634	0.00339811	30	2
3735	4187.005769	3752	0.0336756	30	2
3752	5221.320344	3696	0.0109168	30	2
3696	5169.848481	3652	0.00638317	30	2
3765	1148.528137	3717	0.0113188	30	2
3772	1124.264069	3696	0.0115631	30	2
3658	15568.12409	3406	0.0310892	30	2
3768	6611.269837	3717	0.00620153	30	2
3771	5642.640687	3752	0.0235705	30	2
3840	14571.06781	3768	0.0444717	30	2
3843	6659.797975	3768	0.0169675	30	2
3931	624.2640687	3843	0.0192226	30	2
3932	1465.685425	3843	0.0238796	30	2
#end of reach.par					
