# J2K model output
# 
date/time	precip	tmean	rhum	wind	rain	snow	solRad	netRad	refET	potET	actET	netRain	netSnow	throughfall	interception	intercStorage	snowDepth	snowTotSWE	snowMelt	satMPS	satLPS	actMPS	actLPS	percolation	actRG1	actRG2	catchmentRD1_w	catchmentRD2_w	catchmentRG1_w	catchmentRG2_w	channelStorage_w	catchmentSimRunoff_qm	catchmentObsRunoff	rs	ra
1989-11-01 07:30	25.66908173098083	7.753967725475023	98.24855349296129	3.8385336002488515	25.66908173098083	0.0	2.605509719679211	2.1176056599129085	0.3165626951723653	0.2768591968175151	0.2730676851185712	0.0	0.0	23.968409042147425	1.700672688833369	1.4282676646656172	0.0	0.0	0.0	0.1729533333492699	0.0	23.96774638119661	0.0	0.0	0.0	0.0	0.0	0.0	0.0	0.0	0.0	0.0	0.42	0.0	0.0
1989-11-02 07:30	5.725468970173783	7.608051894694954	96.70041078684433	2.468643111175087	5.725468970173785	0.0	2.81462585438176	2.0743387320182882	0.37528616686769317	0.36015797666176286	0.3506374360755251	0.0	0.0	5.4530639460060355	0.27240502416774764	1.3512764328060685	0.0	0.0	0.0	0.20800611702392532	7.228354584824276E-4	28.953771162213272	0.09956500246622138	0.3607513669911	0.13249114537354878	0.22366161651250427	0.0	3.40416769487463E-7	2.5576375069240206E-7	5.2536576088851096E-8	0.010079571871791438	9.766420867726083E-8	0.76	0.0	0.0
1989-11-03 07:30	2.010650887616596	7.813545393618996	97.04494204130745	3.049731064450548	2.010650887616596	0.0	2.510907034123037	2.043087549407057	0.35954615388231087	0.3398885210009789	0.3328807807154619	0.0	0.0	1.6612546315892975	0.34939625602729735	1.3694248856035935	0.0	0.0	0.0	0.21930991295678318	4.105244694673132E-4	30.513718851870877	0.06010191585187857	0.13715446320429103	0.17877776603094508	0.3081885531939229	0.0	2.925169345094445E-6	3.675703769358721E-6	7.239995910215704E-7	0.018395740720603508	1.1027578902368372E-6	0.72	0.0	0.0
1989-11-04 07:30	5.639233014161202	5.660412721723923	97.38299306493704	4.347243322942397	5.639233014161201	0.0	2.465796750716155	2.004541963677424	0.3040698778597866	0.2788041419477664	0.27319421060843385	0.0	0.0	5.307985210931431	0.3312478032297721	1.4288907825030561	0.0	0.0	0.0	0.25134983195991634	0.0016028488093580223	35.15657961491344	0.2186815078319525	0.49838199365502733	0.35392527532335977	0.6192442318590001	0.0	1.4185201305901E-5	2.245705413415552E-5	4.251255703263115E-6	0.0372842108826137	6.156508636536235E-6	0.65	0.0	0.0
1989-11-05 07:30	1.1226436322338569	3.503307574628308	93.73101366604092	5.990935777454045	1.118953111363508	0.0036905208703492108	3.1254076835733464	1.8944022637869589	0.40093487777518905	0.41492621327320567	0.39988970661137185	0.0	0.0	0.8508617259035492	0.2717819063303087	1.3040297927425322	0.0	0.0	0.05367268274119586	0.2571405913898202	6.547418506598007E-4	35.992691675998735	0.11430808408989178	0.11445335344570924	0.3841879612120227	0.6898337307422672	0.0	3.081669018216084E-5	6.741300184092135E-5	1.2336212877637086E-5	0.052197738245612774	1.6645671388843837E-5	0.59	0.0	0.0
1989-11-06 07:30	22.241779893102557	2.749270294276466	98.05909820620349	2.462732040275472	21.77477630513982	0.4670035879627371	2.375748920102814	1.933624208854449	0.2601407482183849	0.2304246042698935	0.22986021391553532	0.0	0.0	21.845136997011707	0.39664289609083503	1.4717136727139075	0.0	0.0	8.02903254897407	0.37645542892731215	0.010975995748790768	53.373684600476125	1.3524895034060276	3.1750041970530773	1.5445505777939497	2.6490125357489145	0.0	6.033008432738642E-4	8.048964569032413E-4	1.5023465535886926E-4	0.15615934012362895	2.3462157015780342E-4	0.56	0.0	0.0
1989-11-07 07:30	2.403075920694515	1.4675616043995459	97.79571860110768	2.480605931059145	1.7871867229490315	0.6158891977454818	2.333327027479336	1.8997304066304976	0.24793002077846638	0.2219666568989043	0.22099550986211974	0.0	0.0	2.174116904575056	0.2289590161194586	1.4804441014736056	0.0	0.0	1.9701164457987335	0.39134934879882927	0.004179205597469523	55.61653385882654	0.6178327218746379	0.6558080621610114	1.7333397348677795	3.0518977573577897	0.0	0.0020031736469947113	0.0034433895139243634	6.404555636200386E-4	0.22355544797001575	9.163992599472523E-4	0.62	0.0	0.0
1989-11-08 07:30	1.1613197089982268	0.40251466019092025	94.28415468677387	4.699633724744369	0.541796511606347	0.619523197391881	2.5091149270530027	1.8309640002036545	0.31142293249381753	0.31610332104878747	0.3083945499771743	0.0	0.0	0.9410911216384678	0.22022858735975961	1.3942257303523777	0.004771695713714089	0.0021472630711713405	0.9389438585672965	0.39710209213955977	0.0023328498277072293	56.481713171662186	0.3881368418749927	0.29789928770286755	1.7826062735193278	3.2327243803788095	0.0	0.004535208726964763	0.009444593903330077	0.0017513808148670704	0.27924393708743356	0.002368326026191479	0.62	0.0	0.0
1989-11-09 07:30	0.0	2.0092994882234927	89.57400061142498	4.5262199157931065	0.0	0.0	3.991805248778046	1.5107999435955664	0.4608659277212045	0.5225699936310554	0.49152010634489973	0.0	0.0	0.0	0.0	0.9120276830039168	0.0012883960090077017	5.797782040534658E-4	0.0015674848671178747	0.39767417810282185	0.001010118494508493	56.56531008069885	0.21372861189760556	0.08257507395773038	1.7513306779249653	3.2779961031180087	0.0	0.007215991361977239	0.018093910310067133	0.0033571761312585547	0.3196374789506872	0.004315821927389621	0.62	0.0	0.0
