# landuse.par by F. Branger 03/12/2010 ľ simple landuse map																		
LID	Kc_1	Kc_2	Kc_3	Kc_4	Kc_5	Kc_6	Kc_7	Kc_8	Kc_9	Kc_10	Kc_11	Kc_12	LAI_d1	LAI_d2	LAI_d3	LAI_d4	rootDepth	sealedGrade
1	0	0	0	0	0	0	0	0	0	0	0	0	0	0	0	0	0	0
-9999	1000	1000	1000	1000	1000	1000	1000	1000	1000	1000	1000	1000	100	100	100	100	50	1
n/a	s/m	s/m	s/m	s/m	s/m	s/m	s/m	s/m	s/m	s/m	s/m	s/m	n/a	n/a	n/a	n/a	dm	n/a
1	1.05	1.05	1.05	1.05	1.05	1.05	1.05	1.05	1.05	1.05	1.05	1.05	1.6	3	2.6	2	20	0
2	1	1	1	1.02667	1.17742	1.2	1.2	1.2	1.17333	1.02258	1	1	3.2	4.5	3.6	2.9	20	0
3	0.5	0.5	0.5	0.59333	1.12097	1.2	1.2	1.2	1.10666	0.57903	0.5	0.5	2.7	4.5	4	3.3	20	0
4	1	1	1	1.02667	1.17742	1.2	1.2	1.2	1.17333	1.02258	1	1	2.5	2.9	2.8	2.6	20	0
5	1	1	1	1	1	1	1	1	1	1	1	1	1.5	1.5	1.5	1.5	10	1
6	0.3	0.3	0.3	0.3	0.3	0.3	0.3	0.3	0.3	0.3	0.3	0.3	0.75	1.25	1.25	1	5	0
7	0.56688	0.64062	0.71437	0.82935	1.09113	1.06833	0.74798	0.7	0.66	0.43387	0.45	0.49129	2	4	3.2	2.8	15	0
8	0.53	0.59	0.62911	0.73345	1.06819	1.14	1.14	1.14	1.04377	0.65505	0.5	0.5	2.2	3.5	2.75	2.25	17.5	0
9	0.5	0.5	0.5	0.58	1.03226	1.1	1.1	1.1	1.02	0.56774	0.5	0.5	1.9	3	2.8	2.3	20	0
# end of landuse.par																		
