# reach.par test example						
ID	to-reach	length	slope	sinuosity	rough	width
0	0	0	0	0	0	0
999999	999999	99999	90	9999	9999	9999
n/a	n/a	m	%	n/a	n/a	m
512	508	2175	1.4253	1.15	30	23
514	512	13583	5.1461	1.26	30	15
516	512	5038	2.362	1.19	30	15
518	516	306	1.3072	1.11	30	5
520	518	4843	6.339	1.12	30	3
522	518	4365	4.8797	1.22	30	3
524	516	11180	5.3667	1.24	30	15
526	506	2904	0.3788	1.15	30	36
528	526	5914	0.9638	1.27	30	36
530	528	1058	1.1342	1.08	30	36
531	530	1046	1.3012	1.18	30	12
532	531	4324	1.3012	1.18	30	12
534	532	347	19.3084	1.47	30	2
536	532	4278	1.4727	1.14	30	12
538	536	312	5.7692	1.07	30	2
540	536	933	1.2862	1.07	30	12
542	540	1499	6.7378	1.15	30	2
544	540	872	2.5229	1.08	30	12
546	544	3011	2.2252	1.12	30	12
548	546	8762	5.638	1.29	30	12
550	546	272	10.2941	1.03	30	2
552	544	522	7.8544	1.08	30	2
554	530	4176	1.7481	1.2	30	18
556	554	110	9.0909	1.07	30	3
557	554	340	1.7176	1.15	30	18
558	557	2469	1.7176	1.15	30	18
560	558	10231	4.5352	1.17	30	18
562	558	1380	5.2899	1.25	30	3
564	528	5058	1.6212	1.29	30	25
566	564	3166	2.8111	1.1	30	20
568	566	2443	6.0172	1.08	30	5
570	566	7346	3.798	1.12	30	20
572	570	4216	8.9184	1.34	30	5
574	570	2225	9.3933	1.14	30	20
576	564	6343	2.6959	1.27	30	20
578	576	1450	1.8621	1.3	30	20
580	578	789	7.0976	1.08	30	3
582	578	6598	5.0621	1.41	30	20
584	582	196	25.5102	1.08	30	3
586	582	2088	9.818	1.06	30	20
588	576	1589	7.3631	1.08	30	3
590	526	4876	1.5587	1.11	30	5
592	504	11979	2.4877	1.31	30	10
594	592	1004	3.6853	1.12	30	10
596	592	2379	3.4048	1.13	30	3
598	502	2932	2.1487	1.24	30	5
600	500	3221	0.8693	1.3	30	5
602	600	3626	1.2135	1.37	30	5
604	602	9854	3.0444	1.27	30	5
606	602	4146	2.5326	1.28	30	5
608	606	845	3.1953	1.08	30	2
610	606	4220	3.1517	1.11	30	5
612	600	3824	1.909	1.2	30	2
614	498	7466	2.5047	1.39	30	5
615	488	1913	0.8758	1.23	30	11
616	615	3814	0.8758	1.23	30	11
618	616	4784	1.0452	1.11	30	6
620	618	3120	1.2821	1.33	30	3
622	618	7555	2.1443	1.09	30	6
624	622	3892	5.5242	1.09	30	3
626	622	976	4.3033	1.1	30	6
628	626	160	15.625	1.05	30	3
630	626	1107	7.3171	1.11	30	6
631	616	2303	0.8406	1.07	30	6
632	631	681	0.8406	1.07	30	6
634	632	7576	1.8875	1.22	30	6
636	634	106	0.9434	1	30	3
638	634	4307	5.2473	1.11	30	6
640	632	3958	2.097	2.12	30	3
642	486	1	0.1883	1	30	76
644	642	4772	0.943	1.18	30	10
646	642	100	0.3717	1	30	5
648	412	1086	0.3717	1.08	30	45
650	648	3780	0.3717	1.08	30	45
652	650	146	0.3717	1.08	30	45
654	652	1556	1.7352	1.12	30	5
656	654	156	1.9231	1.07	30	3
658	654	2527	2.7701	1.32	30	3
660	652	2152	0.3717	1.13	30	45
662	660	801	0.1248	1.06	30	45
664	662	2208	1.3587	1.22	30	5
666	662	322	0.2416	1.06	30	45
668	666	1953	0.3584	1.11	30	45
670	668	7967	0.251	1.74	30	45
672	670	3840	0.0781	1.08	30	45
674	672	2752	1.2718	1.31	30	10
676	674	466	3.0043	1.07	30	2
678	674	6359	3.1451	1.29	30	10
680	672	1007	0.1986	1.47	30	45
682	680	4661	0.3647	1.88	30	45
684	682	539	2.2263	1.06	30	5
685	682	1945	0.4255	1.41	30	45
686	685	2826	0.4255	1.41	30	45
688	686	4015	0.8468	1.62	30	45
689	688	7529	5.9661	1.36	30	6
690	689	7931	5.9661	1.36	30	6
692	688	6037	1.027	1.42	30	45
694	692	2215	2.0767	1.15	30	45
696	694	562	1.6014	1.12	30	45
698	696	9297	5.2813	1.55	30	45
700	698	4284	0.7937	1.22	30	45
702	700	766	4.1775	1.22	30	5
704	700	2046	2.0528	1.21	30	45
706	704	14557	1.896	1.25	30	45
708	706	2548	2.3155	1.4	30	45
710	706	1	2.10575	1	30	45
712	704	7664	2.8445	1.5	30	10
714	698	462	2.1645	1.25	30	5
716	696	5424	3.4292	1.31	30	15
718	716	1663	5.2315	1.26	30	2
720	716	749	4.8064	1.13	30	5
722	720	7009	1.4553	1.45	30	15
724	722	2374	1.6007	1.45	30	15
726	724	2119	3.9169	1.7	30	2
727	724	1112	1.9647	1.55	30	15
728	727	2229	1.9647	1.55	30	15
730	728	241	1.7485	1.12	30	15
732	730	4365	6.9187	1.24	30	2
734	730	6526	1.5323	1.82	30	15
736	734	672	5.8036	1.21	30	2
738	734	3185	2.5746	1.31	30	15
740	738	3670	6.8392	1.18	30	15
742	738	3342	5.4758	1.1	30	2
744	728	4557	7.9877	1.16	30	2
746	722	2716	8.6524	1.24	30	2
748	720	8327	5.4762	1.45	30	5
750	694	5667	3.4586	1.24	30	29
752	750	291	8.9347	1.08	30	29
754	752	2650	1.3962	1.16	30	29
756	754	3549	7.5514	1.71	30	3
758	754	1928	0.6224	1.09	30	29
760	758	2725	0.4771	1.15	30	29
762	760	2452	5.0979	1.29	30	3
764	760	7637	1.807	1.75	30	29
766	764	9585	4.434	1.32	30	29
768	764	8632	3.3017	1.76	30	10
770	758	1478	8.3221	1.17	30	3
772	752	4705	6.7163	1.14	30	3
774	750	1815	16.8595	1.44	30	3
776	692	3289	5.9593	1.25	30	5
778	686	524	4.3893	1.17	30	5
780	680	2169	1.7059	1.57	30	5
782	670	9128	1.3475	1.68	30	10
784	782	755	1.9868	1.09	30	2
786	782	4649	1.7423	1.42	30	10
788	668	2537	0.3547	1.11	30	10
790	788	2657	2.1076	1.18	30	2
792	788	7949	1.2329	1.37	30	10
794	666	1253	0.4789	1.08	30	10
796	794	4116	0.5831	1.15	30	5
798	794	680	0.4412	1.05	30	5
800	660	3292	1.0632	1.23	30	5
802	650	2292	1.178	1.17	30	5
804	648	1311	1.6018	1.22	30	5
806	410	1612	1.4268	1.06	30	15
808	408	2060	1.165	1.1	30	15
810	406	3746	1.8687	1.09	30	5
812	810	2055	1.2652	1.14	30	5
814	810	2562	1.7564	1.33	30	5
816	364	5581	4.7124	1.3	30	10
818	362	1431	13.8365	1.06	30	10
820	360	3120	5.4167	1.18	30	10
822	358	3599	2.7508	1.4	30	10
824	822	4527	2.3857	1.4	30	5
826	822	1004	3.4861	1.1	30	5
358	0	1149	0.0948	1.06	30	45
360	358	9490	0.0948	1.42	30	45
362	360	2083	0.0536	1.26	30	45
364	362	7458	0.0536	2.23	30	45
366	364	3644	0.6312	1.44	30	45
368	366	5257	0.3614	1.33	30	15
370	368	1880	0.9043	1.09	30	15
372	370	7130	1.4165	1.35	30	5
374	370	1312	0.1524	1.05	30	15
376	374	5324	0.9955	1.56	30	15
378	376	2574	0.1943	1.06	30	15
380	378	572	0.5245	1.08	30	15
382	380	4528	0.9055	1.59	30	8
384	382	1392	1.0057	1.16	30	8
386	382	1320	0.9091	1.11	30	8
388	386	724	3.7293	1.08	30	8
390	388	5215	1.093	1.09	30	5
392	388	2556	1.0563	1.11	30	5
394	386	1486	2.7591	1.16	30	2
396	380	3322	1.6255	1.16	30	7
398	378	585	5.2991	1.16	30	7
400	376	4113	1.5074	1.42	30	7
402	374	1141	4.0316	1.17	30	7
404	368	2860	5.7692	1.18	30	1
406	366	1038	0.6312	1.05	30	97
407	406	1177	0.6312	1.08	30	97
408	407	909	0.6312	1.08	30	97
410	408	4635	0.6312	1.4	30	97
412	410	2606	0.3986	1.23	30	97
414	412	1263	0.3986	1.17	30	97
416	414	10608	0.3865	1.57	30	24
417	416	1387	0.5864	1.08	30	24
418	417	921	0.5864	1.08	30	24
420	418	3744	0.4808	1.53	30	24
422	420	4400	1	1.77	30	24
424	422	7098	1.8315	1.3	30	24
426	424	3018	2.0875	1.19	30	24
428	426	7274	4.413	1.15	30	24
430	426	1330	5.8647	1.1	30	3
432	424	3798	3.9494	1.52	30	3
434	422	8472	0.9797	1.53	30	12
436	434	2159	4.5391	1.12	30	2
438	434	2184	0.7784	1.28	30	12
440	438	5761	2.8641	1.31	30	2
442	438	3244	2.3736	1.23	30	12
444	442	1474	2.7137	1.2	30	12
446	444	2242	5.7092	1.08	30	12
448	444	843	6.9988	1.09	30	2
450	442	1436	2.8552	1.12	30	2
452	420	4352	2.2978	1.25	30	6
454	418	3527	1.8713	1.39	30	3
456	416	7474	1.6323	1.44	30	8
457	414	3373	0.3986	1.18	30	76
458	457	1492	0.3986	1.18	30	76
460	458	2237	3.6656	1.32	30	10
462	458	366	0.3986	1.08	30	76
464	462	4930	0.2434	1.46	30	20
466	464	1549	1.6139	1.09	30	3
468	464	391	0.7378	1.08	30	20
470	468	3733	1.2323	1.07	30	20
472	470	7317	2.829	1.2	30	5
474	470	9803	3.4785	1.24	30	5
476	468	1771	1.4116	1.24	30	20
478	476	14087	1.7392	1.42	30	20
480	476	3157	0.6969	1.18	30	2
482	462	9026	0.1883	1.67	30	76
484	482	2198	3.5942	1.15	30	5
486	482	160	0.1883	1.05	30	76
488	486	3029	0.099	1.05	30	76
489	488	1403	0.4703	1.19	30	51
490	489	3502	0.4703	1.19	30	51
492	490	1462	0.8208	1.04	30	5
494	492	3604	1.3873	1.1	30	5
496	492	2135	0.7494	1.09	30	2
498	490	4828	0.3521	1.16	30	51
500	498	1141	0.7888	1.08	30	51
502	500	2884	0.3467	1.16	30	51
504	502	1840	0.8696	1.08	30	44
506	504	2327	0.7306	1.16	30	44
508	506	1058	1.4178	1.08	30	23
510	508	2105	1.9477	1.19	30	5
# end of reach.par						
