# soil parameters for the Yzeron catchment F. Branger 04/03/2011																													
SID	depth	kf_min	depth_min	kf_max	cap_rise	aircap	fc_sum	fc_1	fc_2	fc_3	fc_4	fc_5	fc_6	fc_7	fc_8	fc_9	fc_10	fc_11	fc_12	fc_13	fc_14	fc_15	fc_16	fc_17	fc_18	fc_19	fc_20	fc_21	fc_22
1	0	0	0	0	0	0	0	0	0	0	0	0	0	0	0	0	0	0	0	0	0	0	0	0	0	0	0	0	0
-9999	-9999	-9999	-9999	-9999	1	-9999	-9999	-9999	-9999	-9999	-9999	-9999	-9999	-9999	-9999	-9999	-9999	-9999	-9999	-9999	-9999	-9999	-9999	-9999	-9999	-9999	-9999	-9999	-9999
n/a	cm	m/d	m	m/d	0/1	mm	mm	mm/dm	mm/dm	mm/dm	mm/dm	mm/dm	mm/dm	mm/dm	mm/dm	mm/dm	mm/dm	mm/dm	mm/dm	mm/dm	mm/dm	mm/dm	mm/dm	mm/dm	mm/dm	mm/dm	mm/dm	mm/dm	mm/dm
1	0	0	0	0	0	43	0	3.6	3.6	0	0	0	0	0	0	0	0	0	0	0	0	0	0	0	0	0	0	0	0
2	0	0	0	0	0	105	0	6.25	6.25	6.25	6.25	0	0	0	0	0	0	0	0	0	0	0	0	0	0	0	0	0	0
3	0	0	0	0	0	181	0	5.53	5.53	5.53	5.53	5.53	5.53	0	0	0	0	0	0	0	0	0	0	0	0	0	0	0	0
4	0	0	0	0	0	247	0	5.44	5.44	5.44	5.44	5.44	5.44	5.44	5.44	0	0	0	0	0	0	0	0	0	0	0	0	0	0
5	0	0	0	0	0	326	0	5.21	5.21	5.21	5.21	5.21	5.21	5.21	5.21	5.21	5.21	0	0	0	0	0	0	0	0	0	0	0	0
6	0	0	0	0	0	392	0	7.95	7.95	7.95	7.95	7.95	7.95	7.95	7.95	7.95	7.95	7.95	7.95	0	0	0	0	0	0	0	0	0	0
7	0	0	0	0	0	440	0	9.14	9.14	9.14	9.14	9.14	9.14	9.14	9.14	9.14	9.14	9.14	9.14	9.14	9.14	0	0	0	0	0	0	0	0
8	0	0	0	0	0	506	0	8.06	8.06	8.06	8.06	8.06	8.06	8.06	8.06	8.06	8.06	8.06	8.06	8.06	8.06	8.06	8.06	0	0	0	0	0	0
9	0	0	0	0	0	533	0	15.74	15.74	15.74	15.74	15.74	15.74	15.74	15.74	15.74	15.74	15.74	15.74	15.74	15.74	15.74	15.74	0	0	0	0	0	0
10	0	0	0	0	0	2075	0	34.8	34.8	34.8	34.8	34.8	34.8	34.8	34.8	34.8	34.8	34.8	34.8	34.8	34.8	34.8	34.8	34.8	34.8	34.8	34.8	34.8	34.8
#end of soils.par																													
