#simple hru.par
ID	x	y	elevation	area	type	to_poly	to_reach	slope	aspect	flowlength	soilID	landuseID	hgeoID
0	0	0	0	0	0	0	0	0	0	0	0	0	0
9999	9999999	9999999	10000	9999999999	3	9999	9999	90	360	999999	9999	9999	9999
n/a	m	m	m	m2	n/a	n/a	n/a	deg	deg	m	n/a	n/a	n/a
1	4472465	5613431.5	535.991	1875	2	4	0	2.295	105	0	7	4	1
2	4472515	5613431.5	533.5	625	2	4	0	5.115	115	0	6	4	1
3	4472565	5613431.5	529.22	625	2	4	0	4.736	109	0	6	4	1
4	4472415	5613406.5	536.789	625	2	6	0	0.758	165	0	7	4	1
5	4472452.5	5613406.5	536.018	1250	2	6	0	3.032	136	0	7	4	1
6	4472365	5613297	530.23	49375	2	7	0	7.182	155	0	6	4	1
7	4472540	5613406.5	530.334	1875	2	8	0	5.626	123	0	6	4	1
8	4472590	5613406.5	526.463	625	2	9	0	4.019	130	0	6	4	1
9	4472315	5613358	537.67	3125	2	10	0	2.273	76	0	6	4	1
10	4472365	5613381.5	536.615	625	3	0	1	1.761	134	0	6	4	1
#end of hru.par