# soil parameters from the BUEK1000, derived by Peter Krause 10/2000																											
ID	depth	kf_min	depth_min	kf_max	cap_rise	aircap	fc_sum	fc_1	fc_2	fc_3	fc_4	fc_5	fc_6	fc_7	fc_8	fc_9	fc_10	fc_11	fc_12	fc_13	fc_14	fc_15	fc_16	fc_17	fc_18	fc_19	fc_20
1	0	0	0	0	0	0	0	0	0	0	0	0	0	0	0	0	0	0	0	0	0	0	0	0	0	0	0
-9999	-9999	-9999	-9999	-9999	1	-9999	-9999	-9999	-9999	-9999	-9999	-9999	-9999	-9999	-9999	-9999	-9999	-9999	-9999	-9999	-9999	-9999	-9999	-9999	-9999	-9999	-9999
n/a	cm	m/d	m	m/d	0/1	mm	mm	mm/dm	mm/dm	mm/dm	mm/dm	mm/dm	mm/dm	mm/dm	mm/dm	mm/dm	mm/dm	mm/dm	mm/dm	mm/dm	mm/dm	mm/dm	mm/dm	mm/dm	mm/dm	mm/dm	mm/dm
1	0	0	0	0	1	0	0	0	0	0	0	0	0	0	0	0	0	0	0	0	0	0	0	0	0	0	0
2	60	0.27	0.4	0.27	1	48	148	26.5	26.5	26.5	26.5	21	21	0	0	0	0	0	0	0	0	0	0	0	0	0	0
3	125	0.32	0.6	0.41	1	102.8	263.25	18.5	18.5	22.75	27	24	21	21	21	21	21	19.75	18.5	9.25	0	0	0	0	0	0	0
4	120	0.06	0.15	0.26	1	81.45	248.75	24.5	22.5	18.75	15	22.5	22.5	22.5	22.5	22.5	22.5	16.5	16.5	0	0	0	0	0	0	0	0
5	120	0.06	0.15	0.26	1	81.45	248.75	24.5	22.5	18.75	15	22.5	22.5	22.5	22.5	22.5	22.5	16.5	16.5	0	0	0	0	0	0	0	0
6	120	0.06	0.3	0.06	1	69	0	20.6	20.6	20.6	20.6	20.6	20.6	20.6	20.6	20.6	20.6	20.6	19	0	0	0	0	0	0	0	0
7	120	0.06	0.3	0.06	1	238.92	105.45	5.05	5.05	5.05	5.05	5.05	5.05	5.05	5.05	5.05	20	20	20	0	0	0	0	0	0	0	0
8	200	0.06	0.9	0.14	1	115.75	318.75	22.5	22.5	18.5	17.5	17.5	17.5	17.5	17.25	17	17	17	13	13	13	13	13	13	13	13	13
9	200	0.06	1.1	0.14	1	137.5	330.5	21.5	21.5	19.5	17.5	17.5	22.5	22.5	22.5	22.5	13	13	13	13	13	13	13	13	13	13	13
10	0	0	0	0	1	0	0	0	0	0	0	0	0	0	0	0	0	0	0	0	0	0	0	0	0	0	0
11	200	0.01	0.6	0.08	1	99	328.6	23.5	23.5	23.5	21.1	20.5	20.5	20.5	20.5	20.5	20.5	12	12	12	12	11	11	11	11	11	11
12	200	0.12	0.3	2.29	1	212.75	323.15	22.5	22.5	22.4	22	22	22	11.65	10.5	10.5	12.1	14.5	14.5	14.5	14.5	14.5	14.5	14.5	14.5	14.5	14.5
13	60	0.07	0.2	0.38	1	52	155	26	26	26	26	25.5	25.5	0	0	0	0	0	0	0	0	0	0	0	0	0	0
14	0	0	0	0	1	0	0	0	0	0	0	0	0	0	0	0	0	0	0	0	0	0	0	0	0	0	0
15	100	0.04	0.3	0.41	1	61.25	148.75	22.5	22.5	16.75	11	11	12.25	13.5	13.25	13	13	0	0	0	0	0	0	0	0	0	0
16	0	0	0	0	1	0	0	0	0	0	0	0	0	0	0	0	0	0	0	0	0	0	0	0	0	0	0
17	200	0.06	0.82	2.29	1	263.85	268.45	13	13	14.3	19.5	16.95	11	11	10.9	10.5	10.5	10.5	11.3	14.5	14.5	14.5	14.5	14.5	14.5	14.5	14.5
18	0	0	0	0	1	0	0	0	0	0	0	0	0	0	0	0	0	0	0	0	0	0	0	0	0	0	0
19	200	0.06	0.55	0.12	1	209.1	267.75	22	22	20.5	14.5	14.5	14.5	13	13	13	13	13	11.5	10	10.25	10.5	10.5	10.5	10.5	10.5	10.5
20	150	0.03	0.65	0.13	1	102.25	227.5	22	22	21.25	20.5	15.75	11	11	11	11	11	11	15	15	15	15	0	0	0	0	0
21	0	0	0	0	1	0	0	0	0	0	0	0	0	0	0	0	0	0	0	0	0	0	0	0	0	0	0
22	200	0.04	0.65	0.06	1	112	286	25	25	25	13	13	13	13	13	13	13	13	13	13	13	13	11	11	11	11	11
23	150	0.06	0.3	0.88	1	150.75	224.5	15	15	15	13.75	14.5	16.5	16.5	16.5	14.5	12.5	12.5	14.25	16	16	16	0	0	0	0	0
24	200	0.03	0.61	0.43	1	93.55	247.2	22.5	22.5	21.5	15.2	11	11	11	11	11	10.5	10	10	10	10	10	10	10	10	10	10
25	160	0.06	0.35	0.88	1	141.75	261.5	21	18.5	14.5	12.5	12.5	12.5	17	17	17	17	17	17	17	17	17	17	0	0	0	0
26	200	0.12	0.35	0.33	1	149.75	340	23.5	23.5	23.25	23	20.5	18	18	16.25	14.5	14.5	14.5	14.5	14.5	14.5	14.5	14.5	14.5	14.5	14.5	14.5
27	200	0.12	0.5	0.49	1	208.65	324.35	19.5	19.5	19.5	18.1	17.5	16.75	16	16	16	17.5	17.5	14.5	14.5	14.5	14.5	14.5	14.5	14.5	14.5	14.5
28	200	0.06	0.3	0.14	1	108.5	379	29.75	29.5	28.25	27	24.5	22	22	22	14.5	14.5	14.5	14.5	14.5	14.5	14.5	14.5	14.5	14.5	14.5	14.5
29	200	0.03	0.45	0.12	1	108.4	266	22	22	22	16	14.5	14.5	14.5	14.5	10.5	10.5	10.5	10.5	10.5	10.5	10.5	10.5	10.5	10.5	10.5	10.5
30	0	0	0	0	1	0	0	0	0	0	0	0	0	0	0	0	0	0	0	0	0	0	0	0	0	0	0
31	200	0.49	0.35	1.57	1	335.3	287.15	19.5	19.5	19.3	17.5	17.5	17.5	17.5	17.5	17.05	16	13.8	10.5	10.5	10.5	10.5	10.5	10.5	10.5	10.5	10.5
32	200	0.88	0.69	1.09	1	280.8	336.8	19.5	19.5	19.5	19	19	16.3	16	16	16	16	16	16	16	16	16	16	16	16	16	16
33	200	1.26	0.15	2.29	1	386.25	213.5	15.5	10.5	10	9.5	10.5	10.5	10.5	10.5	10.5	10.5	10.5	10.5	10.5	10.5	10.5	10.5	10.5	10.5	10.5	10.5
34	150	3.49	1.2	3.49	1	333	181.25	12.5	12.5	12.25	12	12	12	12	12	12	12	12	12	12	12	12	0	0	0	0	0
35	0	0	0	0	1	0	0	0	0	0	0	0	0	0	0	0	0	0	0	0	0	0	0	0	0	0	0
36	200	0.04	0.34	0.18	1	106.5	354.15	18.5	18.5	18.1	17.5	17.5	17.5	17.5	17.5	17.85	18	18	19.2	22	22	22	14.5	14.5	14.5	14.5	14.5
37	200	0.13	0.2	0.2	1	139.25	387.85	21.5	21.5	20.3	17.5	16.45	14	14.6	16	16	20	21	21	21	21	21	21	21	21	21	21
38	200	0.07	0.2	0.08	1	106.5	480.5	23.5	23.5	23.5	21	21	21	23.5	23.5	25	25	25	25	25	25	25	25	25	25	25	25
39	0	0	0	0	1	0	0	0	0	0	0	0	0	0	0	0	0	0	0	0	0	0	0	0	0	0	0
40	200	0.04	0.15	0.31	1	119.25	424.25	26	26	26	22.5	22.5	18.5	18.25	18	18	23.5	20.5	20.5	20.5	20.5	20.5	20.5	20.5	20.5	20.5	20.5
41	200	0.03	0.3	0.31	1	160	476.75	26	26	26	22.5	22.5	22.5	22.5	22	22	22	22	22	22	23.75	25.5	25.5	25.5	25.5	25.5	25.5
42	200	0.04	0.38	0.08	1	76.5	410.15	27.5	27.5	27.5	25.7	24.75	24	19.2	18	18	18	18	18	18	18	18	18	18	18	18	18
43	200	0.06	0.38	0.09	1	110.8	418.2	26.5	26.5	25.25	24	21.55	20.5	20.5	16.3	14.5	14.5	14.5	13.6	15.5	23.5	23.5	23.5	23.5	23.5	23.5	23.5
44	200	0.09	0.26	0.38	1	144.85	449.25	28	28	26.75	25.5	25.5	22.5	20.5	20.5	21	21	21	21	21	21	21	21	21	21	21	21
45	200	0.33	0.37	0.41	1	314.3	297.9	28.5	28.5	21.15	18	18	18	18	18	14.25	10.5	10.5	10.5	10.5	10.5	10.5	10.5	10.5	10.5	10.5	10.5
46	200	0.3	0.27	0.49	1	299.15	327.45	27.5	27.5	27.3	27	27	20.35	17.5	17.5	17.5	13.3	10.5	10.5	10.5	10.5	10.5	10.5	10.5	10.5	10.5	10.5
47	200	0.06	0.82	0.07	1	85.8	289.1	20.35	17.5	17.5	17.5	10	10	10	12.25	14.5	14.5	14.5	14.5	14.5	14.5	14.5	14.5	14.5	14.5	14.5	14.5
48	200	0.06	0.35	0.08	1	99.2	341.6	26.5	26.5	25	24	22.1	14.5	14.5	14.5	14.5	14.5	14.5	14.5	14.5	14.5	14.5	14.5	14.5	14.5	14.5	14.5
49	45	0.01	0.35	0.41	1	28.25	74.75	28	16.5	13.75	11	5.5	0	0	0	0	0	0	0	0	0	0	0	0	0	0	0
50	0	0	0	0	1	0	0	0	0	0	0	0	0	0	0	0	0	0	0	0	0	0	0	0	0	0	0
51	200	0.01	0.3	0.01	1	33.5	222.5	13.5	11	11	11	11	11	11	11	11	11	11	11	11	11	11	11	11	11	11	11
52	0	0	0	0	1	0	0	0	0	0	0	0	0	0	0	0	0	0	0	0	0	0	0	0	0	0	0
53	60	0.07	0.35	0.41	1	42.75	99.5	22	15.5	15.5	15.5	15.5	15.5	0	0	0	0	0	0	0	0	0	0	0	0	0	0
54	0	0	0	0	1	0	0	0	0	0	0	0	0	0	0	0	0	0	0	0	0	0	0	0	0	0	0
55	200	0.14	0.15	0.35	1	331.5	286.25	24	24	26.5	26.5	22	16.25	10.5	10.5	10.5	10.5	10.5	10.5	10.5	10.5	10.5	10.5	10.5	10.5	10.5	10.5
56	200	0.06	0.4	0.18	1	152.75	332.65	22.5	22.5	18.5	17.5	17.5	14.8	14.5	14.5	14.5	15.85	16	16	16	16	16	16	16	16	16	16
57	200	0.07	0.8	0.1	1	87.7	509.8	24.3	22.5	26	26	26	26	26	26	26	26	25.5	25.5	25.5	25.5	25.5	25.5	25.5	25.5	25.5	25.5
58	0	0	0	0	1	0	0	0	0	0	0	0	0	0	0	0	0	0	0	0	0	0	0	0	0	0	0
59	200	0.11	0.47	0.14	1	150.8	392.4	25	25.3	26.5	26.5	26.5	24.6	17	17	17	17	17	17	17	17	17	17	17	17	17	17
60	0	0	0	0	1	0	0	0	0	0	0	0	0	0	0	0	0	0	0	0	0	0	0	0	0	0	0
61	200	0.07	0.25	0.43	1	102.5	383.75	21.5	21.5	18.25	15	15	19.5	19.5	19.5	19.5	19.5	19.5	19.5	19.5	19.5	19.5	19.5	19.5	19.5	19.5	19.5
62	0	0	0	0	1	0	0	0	0	0	0	0	0	0	0	0	0	0	0	0	0	0	0	0	0	0	0
63	200	0.88	0.25	1.57	1	332	349	18.25	16.5	16.75	17.5	17.5	17.5	17.5	17.5	17.5	17.5	17.5	17.5	17.5	17.5	17.5	17.5	17.5	17.5	17.5	17.5
64	200	0.06	0.46	0.18	1	98.9	322.75	27	26.05	17.5	17.5	17.2	14.5	14.5	14.5	14.5	14.5	14.5	14.5	14.5	14.5	14.5	14.5	14.5	14.5	14.5	14.5
65	60	0.03	0.3	0.04	1	27.5	94	22	22	18.5	10.5	10.5	10.5	0	0	0	0	0	0	0	0	0	0	0	0	0	0
66	50	0.01	0.2	0.01	1	19.5	76	21	16.5	16.5	11	11	0	0	0	0	0	0	0	0	0	0	0	0	0	0	0
67	0	0	0	0	1	0	0	0	0	0	0	0	0	0	0	0	0	0	0	0	0	0	0	0	0	0	0
68	0	0	0	0	1	0	0	0	0	0	0	0	0	0	0	0	0	0	0	0	0	0	0	0	0	0	0
69	0	0	0	0	1	0	0	0	0	0	0	0	0	0	0	0	0	0	0	0	0	0	0	0	0	0	0
70	80	0.33	0.25	0.43	1	101.75	144	21.5	21.5	18	18	17	16	16	16	0	0	0	0	0	0	0	0	0	0	0	0
71	150	1.57	0.28	1.57	1	284.7	178.6	17.6	17.5	17.5	10.5	10.5	10.5	10.5	10.5	10.5	10.5	10.5	10.5	10.5	10.5	10.5	0	0	0	0	0
#end of boden.par	